30400.91342303958
29169.248419450643
27416.347374094723
25014.94388212479
22417.00817982078
19828.31194906034
17367.38282361154
15084.361631743703
12961.925915986867
10899.598497434197
8865.778864289365
6857.910466571566
5212.360294484794
4199.687782329676
3531.0281180125726
3066.803163039194
2726.626945378213
2464.8793345987997
2255.2455929470266
2081.9422003868317
1935.116564324592
1808.3935550766778
1697.492699983393
1599.4236369958205
1512.0122226360238
1433.6173520884363
1362.9579737537456
1299.0047934776353
1240.9109303823932
1187.9665248780411
1139.5681850110436
1095.1975942520573
1054.4057906075598
1016.8010845448357
982.0395214429666
949.8173238920159
919.8649770839514
891.9426682608325
865.8367737474397
841.3570841655522
818.3345000835998
796.6190057764874
776.0778097264994
756.5936035565301
738.0629275770278
720.3946449998825
703.5085274461327
687.3339502992117
671.8086931403485
656.8778401635152
642.4927781553242
628.6102941864904
615.1917798430133
602.2025516862652
589.611296976992
577.3896486119161
565.5118840461082
553.9547314706057
542.6972554893372
531.7207869943566
521.0088600863942
510.54712346333133
500.32320382066956
490.3265123440782
480.54799957244217
470.9798760465464
461.61532407881754
452.4482284823425
443.4729511271264
434.6841667862973
426.0767677200055
417.6458339463034
409.38665708284384
401.29479934697406
393.3661663918788
385.5970731076662
377.98428485540273
370.525022103249
363.2169232440173
356.05796756109214
349.0463668892157
342.18043951462164
335.45848246114434
328.8786580660607
322.4389077593466
316.1369009205379
309.97002075379004
303.9353835933331
298.0298840007633
292.2502560094613
286.59314088945996
281.0551533615744
275.6329405726871
270.32323066975
265.12286998445614
260.02884941539617
255.03832153335574
250.14861033617964
245.3572155963673
240.66181352991165
236.0602551904768
231.55056364091678
227.1309306213872
222.7997131414421
218.55543017816476
214.39675946117015
210.3225341630668
206.33173918594522
202.42350663794616
198.59711002904757
194.85195668444018
191.18757788192931
187.6036162723507
184.09981024428683
180.67597504950714
177.33198071247452
174.06772699869225
170.88311599766578
167.77802316351458
164.75226791900673
161.8055851317269
158.93759887912896
156.14779990402678
153.43552800860397
150.79996034702512
148.24010617906123
145.75480818358
143.34274995760222
141.0024689026274
138.73237337545177
136.53076278872368
134.3958492975047
132.32577979058172
130.31865709032405
128.37255951395386
126.48555822231411
124.6557320450033
122.88117969807975
121.16002948827446
119.49044672152228
117.87063910697208
116.29886047849598
114.77341315430189
113.29264923179865
111.8549710785205
110.45883123787264
109.1027319260131
107.78522425673802
106.50490729673425
105.26042702473555
104.05047524513849
102.87378848878605
101.7291469206414
100.61537326447761
99.53133174880085
98.47592707357
97.44810339608698
96.44684333156272
95.47116696663072
94.52013087934832
93.59282716823043
92.6883824793508
91.8059570455167
90.94474371080648
90.10396698570996
89.28288205531983
88.48077387820021
87.69695613925929
86.93077048167956
86.18158528623385
85.44879536163316
84.73182032664401
84.03010645132542
83.34312624614032
82.6703968356552
82.01151872965258
81.36638134006917
80.73582884708269
80.12436503874318
79.5500340090085
79.08241205958439
78.98672185383963
80.26283341436883
84.30557775693306
90.86043621524476
96.12424202087284
93.8366595580986
92.0186684092584
89.56099524632747
87.62969891060982
85.4426726662861
83.71810670998333
81.93582319655295
80.50964460977141
79.10796695085551
77.9617516306349
76.86500759597287
75.9451600134556
75.07583347508402
74.32730086731695
73.62224704645882
72.99962446164102
72.41195705397217
71.88099119250705
71.37734522817487
70.91324280728897
70.47031350826073
70.05545937222065
69.65706187028901
69.2790186271323
68.91389291421183
68.56386987464347
68.2241322849326
67.8958814540648
67.57596067881268
67.2650030749944
66.9609172498834
66.66400772334528
66.37287463337564
66.0876332836733
65.80733780706727
65.53199595248648
65.26096310524258
64.99418751962672
64.73122648331638
64.47199706738107
64.21619312480982
63.96371715494728
63.71435615535568
63.468007691990074
63.2245227650627
62.98379947493691
62.74573308483993
62.51022520241604
62.27720186865066
62.04656968501541
61.81827618570043
61.59223357630451
61.368404446863735
61.146706711128196
60.92711352402858
60.70954832948304
60.49399169769
60.28037227809429
60.06867583779336
59.858835841336
59.65084168536859
59.444631240773056
59.24019642437416
59.037479113195225
58.83647295887435
58.63712346737163
58.43942547013919
58.24332775469024
58.04882594177969
57.85587178524456
57.66446142247983
57.474549290301425
57.28613185473317
57.09916598240998
56.91364834086357
56.72953800116646
56.54683174904603
56.365490659723385
56.18551158528695
56.006857427198234
55.82952507462051
55.65347909713417
55.4787164077574
55.30520310345161
55.13293611921955
54.96188295387179
54.79204057045053
54.623377757336236
54.45589151710096
54.28955182694288
54.124355744090536
53.96027434381213
53.79730475546375
53.63541907030646
53.474614508722496
53.31486410339287
53.15616518541311
52.99849166079786
52.84184099139959
52.686187894076184
52.53152998156198
52.377842723884754
52.225123904709264
52.07334969369381
51.922518065333406
51.77260583890997
51.62361119950048
51.475511569003146
51.328305362729466
51.181970560711534
51.03650582814549
50.89188966080922
50.74812099356085
50.60517879724284
50.46306229644023
50.32175089772525
50.18124413595246
50.04152181510022
49.90258380152946
49.76441025899053
49.627001407529924
49.49033773341501
49.354419833775864
49.2192284802119
49.08476467186669
48.9510094282481
48.81796417732651
48.685610148534245
48.55394922776319
48.42296281549058
48.29265328736161
48.163002174761466
48.03401237817426
47.90566551810817
47.77796505882302
47.65089266608333
47.524452411401
47.39862595936413
47.27341803755152
47.1488102598278
47.02480806492456
46.9013929626927
46.778571165465856
46.656324021324146
46.53465858729861
46.41355598663132
46.29302420230822
46.17304406336842
46.05362457196667
45.93474618611167
45.816419034430396
45.69862311823326
45.581369816551216
45.46463857784331
45.34844217514481
45.23275939545824
45.1176045727296
45.00295570908253
44.888828893962824
44.77520120352002
44.66209071024187
44.549473402069765
44.4373696013983
44.32575402037367
44.21464954519071
44.10402939410871
43.99391938740316
43.88429099453145
43.775173407893256
43.66653604863053
43.55841200094189
43.450768283936526
43.343642491854865
43.23699882194824
43.13088011603181
43.025247248762845
42.92014919175813
42.81554289696472
42.71148452391048
42.60792637922409
42.504933082687245
42.402451421494646
42.30055600948096
42.19918705225196
42.09843101115396
41.99822021388901
41.89865521423714
41.799658873135186
41.7013485618113
41.60363571893713
41.50665784771456
41.41031254817251
41.31476149458951
41.219885450992784
41.12587519302797
41.03259091704939
40.94025852682376
40.848712989030666
40.758222711223304
40.66859158724652
40.58013956264987
40.492632113036414
40.40645179312573
40.321316401682495
40.237684671043944
40.155215025956615
40.07445899862811
39.995000833672975
39.91750520688966
39.84146341523721
39.76767813645403
39.695523912162564
39.625971725628375
39.558249159800326
39.49353232712306
39.4308635662587
39.37166867923527
39.31475632217453
39.26185562575973
39.21148047846925
39.16572748727715
39.1227391142224
39.08505555179175
39.05035229631478
39.02170257355353
38.99619696711394
38.9775456846365
38.962110623198036
38.95435818949886
38.94974925817834
38.95364107420214
38.51245931798395
38.173203325574114
37.90444046928417
37.688860903698206
37.5104738314779
37.3598327553335
37.22882068183733
37.112383012119345
37.006371032016006
36.90810203745983
36.815436575249976
36.726955042857334
36.64154421711595
36.55845329141279
36.4770980386259
36.397081115554805
36.31809335541444
36.23992422345138
36.16240872018652
36.08543512480147
36.00891456375138
35.93278764414656
35.85700597863626
35.781537914225446
35.706356750931995
35.631445550832346
35.55678931964894
35.48237892505843
35.40820574381122
35.33426477966461
35.2605509101387
35.18706132514648
35.11379284758385
35.040743817684856
34.96791215414189
34.89529679812744
34.822896295851315
34.750709899029665
34.67873652052361
34.60697557000754
34.535426179824505
34.46408783820546
34.392959812679635
34.32204162934011
34.251332641735985
34.18083239345756
34.11054029477211
34.04045589695715
33.97057864909258
33.90090810571191
33.83144374345
33.7621851183278
33.69313172723051
33.6242831271471
33.55563883031513
33.487198394705146
33.418961344507444
33.35092723886935
33.28309561149404
33.215466022916885
33.14803801454664
33.08081114846774
33.013784972414335
32.94695905011032
32.88033293453272
32.81390619106604
32.74767837705943
32.68164905951886
32.615817799452316
32.550184165401
32.48474772143279
32.419508037503725
32.354464680233264
32.28961722084581
32.224965228072996
32.160508274246794
32.0962459298271
32.03217776808206
31.96830336086146
31.90462228219393
31.84113410501823
31.777838403948444
31.714734752741045
31.651822726423557
31.589101899326202
31.526571846722483
31.464232143295664
31.402082364403128
31.340122084881017
31.278350880016735
31.21676832461545
31.155373993749627
31.094167462025858
31.03314830416363
30.972316094418893
30.911670407029014
30.85121081575922
30.790936894244616
30.73084821563178
30.670944352841584
30.61122487828516
30.551689364065822
30.492337381752563
30.433168502535363
30.37418229704436
30.31537833546848
30.256756187410602
30.19831542197844
30.140055607668206
30.08197631243336
30.024077103591132
29.966357547874743
29.908817211358063
29.8514556594945
29.794272457056998
29.737267168166245
29.680439356242555
29.623788584027107
29.56731441354292
29.511016406110283
29.454894122315466
29.398947122022395
29.34317496434699
29.287577207666352
29.232153409597515
29.176903127005197
29.121825915984246
29.066921331866343
29.01218892920563
28.95762826178422
28.903238882601535
28.849020343878294
28.794972197049148
28.741093992766004
28.687385280892624
28.633845610508356
28.580474529904365
28.527271586587563
28.474236327277943
28.421368297913606
28.368667043648866
28.316132108859918
28.263763037144486
28.211559371327144
28.15952065346046
28.107646424831273
28.05593622596241
28.004389596618992
27.953006075812315
27.901785201805602
27.850726512119184
27.79982954353663
27.749093832110905
27.6985189131711
27.648104321329097
27.59784959048711
27.54775425384437
27.497817843906244
27.44803989249111
27.39841993073949
27.34895748912228
27.299652097450092
27.250503284882136
27.20151057993607
27.152673510497394
27.103991603829687
27.05546438658462
27.0070913848131
26.958872123975222
26.910806128951613
26.862892924054865
26.81513203304074
26.767522979119704
26.720065284969586
26.672758472746413
26.625602064097922
26.578595580175435
26.5317385416469
26.48503046870979
26.438470881103875
26.392059298124998
26.345795238638388
26.299678221092236
26.253707763531757
26.207883383612966
26.162204598617176
26.116670925465275
26.071281880731977
26.026036980660823
25.980935741179
25.93597767791188
25.891162306198922
25.84648914110808
25.80195769745209
25.757567489802984
25.71331803250871
25.669208839708336
25.625239425348276
25.58140930319782
25.537717986865974
25.494164989816912
25.450749825387096
25.407472006801164
25.364331047188788
25.32132645960082
25.278457757026775
25.235724452410782
25.193126058669126
25.15066208870704
25.108332055435426
25.066135471788233
25.02407185073958
24.982140705320887
24.94034154863822
24.898673893889594
24.85713725438218
24.815731143550035
24.77445507497128
24.733308562385673
24.692291119712234
24.651402261066455
24.610641500778293
24.570008353409502
24.529502333771166
24.489122956941575
24.448869738283644
24.40874219346239
24.36873983846298
24.328862189608
24.28910876357521
24.24947907741505
24.209972648568204
24.170588994883254
24.131327634634243
24.092188086538048
24.05316986977191
24.014272503990895
23.975495509345173
23.93683840649781
23.89830071664149
23.85988196151606
23.821581663425675
23.783399345256306
23.745334530492258
23.707386743233496
23.669555508212834
23.631840350812173
23.594240797080122
23.55675637374818
23.519386608247455
23.482131028725654
23.444989164063024
23.407960543888983
23.37104469859865
23.334241159368624
23.297549458173624
23.260969127801808
23.224499701871437
23.188140714845947
23.151891702050346
23.115752199686167
23.079721744847348
23.043799875535168
23.007986130674134
22.97228005012598
22.936681174705978
22.90118904619658
22.865803207362806
22.83052320196651
22.795348574781183
22.760278871605465
22.725313639278262
22.69045242569223
22.65569477980749
22.62104025166552
22.58648839240294
22.552038754264874
22.517690890617487
22.483444355962348
22.449298705948088
22.4152534973841
22.381308288252885
22.347462637722334
22.313716106158182
22.2800682551362
22.24651864745417
22.21306684714338
22.179712419480882
22.14645493100003
22.113293949502776
22.0802290440702
22.047259785073255
22.014385744184423
21.98160649438719
21.948921609987377
21.91633066662269
21.883833241273607
21.85142891227203
21.819117259312314
21.786897863460037
21.754770307161298
21.722734174252288
21.690789049967787
21.658934520950492
21.62717017525924
21.595495602377426
21.563910393221555
21.53241414014901
21.501006436966087
21.469686878935843
21.4384550627848
21.407310586711546
21.37625305039278
21.345282054991067
21.314397203160837
21.283598099055677
21.252884348334508
21.22225555816759
21.19171133724265
21.16125129577115
21.130875045493553
21.10058219968473
21.070372373159632
21.040245182278476
21.01020024495113
20.980237180642607
20.95035561037722
20.920555156742953
20.890835443896258
20.861196097565667
20.831636745055476
20.802157015250213
20.77275653861754
20.743434947211966
20.71419187467795
20.685026956252972
20.65593982877039
20.62693013066207
20.59799750196111
20.56914158430401
20.54036202093317
20.511658456698594
20.483030538059833
20.454477913087956
20.4260002314669
20.397597144494988
20.369268305086095
20.34101336777063
20.31283198869696
20.284723825631374
20.256688537959622
20.22872578668669
20.200835234437548
20.173016545457052
20.14526938561047
20.117593422382768
20.089988324878863
20.062453763822575
20.034989411557234
20.007594942043884
19.98027003086112
19.9530143552039
19.92582759388279
19.89870942732231
19.87165953755985
19.8446776082443
19.81776332463456
19.790916373597458
19.764136443606063
19.737423224737945
19.710776408673002
19.684195688691247
19.657680759670267
19.631231318083383
19.604847061996455
19.578527691065826
19.552272906535247
19.52608241123294
19.4999559095689
19.473893107531744
19.447893712685392
19.421957434166046
19.39608398267845
19.370273070492978
19.344524411441316
19.31883772091374
19.293212715854395
19.26764911475816
19.242146637666377
19.216705006162986
19.191323943370328
19.16600317394507
19.140742424073643
19.115541421468347
19.090399895362598
19.065317576506345
19.04029419716191
19.015329491098854
18.990423193589592
18.96557504140438
18.94078477280653
18.916052127547516
18.89137684686196
18.86675867346225
18.84219735153417
18.81769262673072
18.793244246167873
18.76885195841825
18.744515513506617
18.720234662904048
18.696009159522397
18.671838757709047
18.647723213241072
18.623662283319685
18.599655726564677
18.575703303008645
18.551804774091035
18.52795990265255
18.504168452929342
18.480430190546826
18.45674488251397
18.4331122972176
18.409532204415544
18.386004375231522
18.36252858214859
18.339104599003065
18.315732200978452
18.29241116459927
18.269141267724837
18.245922289542975
18.222754010564092
18.199636212614248
18.176568678829586
18.1535511936495
18.130583542810452
18.10766551333965
18.08479689354868
18.061977473026946
18.039207042635397
18.016485394500073
17.99381232200548
17.97118761978829
17.948611083731137
17.92608251095532
17.90360169981511
17.881168449891014
17.858782561982906
17.836443838104017
17.81415208147405
17.791907096512535
17.769708688832885
17.74755666523517
17.725450833699863
17.703391003381515
17.681376984601563
17.65940858884247
17.63748562874062
17.61560791808034
17.593775271786733
17.57198750591935
17.550244437666027
17.528545885335625
17.506891668352118
17.485281607247902
17.463715523656887
17.442193240308544
17.420714581021098
17.399279370694845
17.37788743530622
17.356538601900724
17.335232698586793
17.313969554529308
17.292748999942873
17.27157086608581
17.250434985253445
17.229341190771695
17.208289316990857
17.187279199279185
17.166310674016167
17.14538357858674
17.124497751374676
17.10365303175616
17.08284926009355
17.0620862777293
17.041363926979532
17.020682051127846
17.00004049441889
16.979439102052442
16.958877720177167
16.93835619588418
16.91787437720135
16.897432113086907
16.877029253423185
16.856665649010907
16.836341151562944
16.816055613698357
16.795808888936048
16.775600831689328
16.755431297259634
16.735300141830464
16.71520722246178
16.695152397083998
16.67513552449184
16.655156464339107
16.635215077132223
16.615311224224815
16.595444767811717
16.575615570923592
16.555823497420974
16.53606841198842
16.516350180129272
16.496668668159582
16.477023743202814
16.45741527318423
16.437843126825193
16.4183071736379
16.39880728391948
16.379343328747037
16.35991517997161
16.34052271021355
16.321165792856412
16.301844302041943
16.282558112664727
16.26330710036683
16.24409114153273
16.224910113283684
16.20576389347284
16.186652360680224
16.167575394207063
16.148532874071055
16.12952468100118
16.11055069643269
16.091610802501926
16.07270488204152
16.05383281857527
16.03499449631324
16.016189800146915
15.997418615644191
15.978680829044812
15.959976327255003
15.941304997843195
15.922666729035162
15.904061409709
15.885488929390739
15.866949178249655
15.848442047093187
15.829967427363151
15.811525211130276
15.793115291090102
15.77473756055882
15.756391913467693
15.738078244359718
15.719796448384589
15.7015464212944
15.683328059439438
15.66514125976352
15.64698591979991
15.628861937667093
15.610769212064257
15.592707642267213
15.574677128124312
15.556677570052065
15.538708869031021
15.520770926601905
15.502863644861238
15.484986926457276
15.467140674586485
15.449324792988744
15.431539185943885
15.413783758267924
15.396058415308579
15.378363062941816
15.36069760756801
15.34306195610774
15.32545601599843
15.307879695190213
15.29033290214247
15.272815545819999
15.255327535689172
15.23786878171472
15.220439194355466
15.203038684561351
15.185667163769336
15.16832454390039
15.151010737355163
15.133725657011562
15.116469216220223
15.099241328801822
15.082041909043172
15.064870871694302
15.047728131964478
15.0306136055196
15.013527208477916
14.996468857408203
14.979438469324531
14.962435961685205
14.945461252387311
14.928514259765967
14.911594902588382
14.894703100053965
14.877838771787337
14.861001837839787
14.84419221868115
14.82740983520223
14.810654608705812
14.793926460910372
14.777225313939534
14.760551090327683
14.743903713007334
14.727283105317444
14.710689190987384
14.694121894149504
14.677581139318624
14.661066851409306
14.644578955710083
14.628117377907266
14.611682044051403
14.595272880590342
14.578889814325176
14.56253277245517
14.546201682520227
14.529896472461834
14.513617070546742
14.497363405449907
14.481135406152807
14.464933002055592
14.448756122841809
14.432604698629973
14.416478659791832
14.40037793715882
14.384302461776079
14.368252165183982
14.352226979084833
14.336226835726233
14.32025166744861
14.304301407209019
14.288375987963605
14.272475343385032
14.256599407018113
14.240748113263932
14.224921396222278
14.209119191044097
14.19334143234092
14.177588056048242
14.161858997233221
14.146154192668519
14.13047357780309
14.114817090326122
14.099184665970729
14.083576243461193
14.067991758685618
14.052431151581036
14.03689435802124
14.021381319424737
14.005891971434856
13.990426257363836
13.974984112361723
13.959565482281631
13.9441703014927
13.92879851943291
13.913450069454752
13.898124906320394
13.88282296238695
13.8675442007432
13.85228855352365
13.837055997518332
13.821846467299865
13.806659963321662
13.791496429688474
13.776355909575102
13.761238373759483
13.74614394560516
13.731072662054316
13.716024802004206
13.701000557287989
13.686000516636977
13.671025223538068
13.656075897116054
13.641153866287986
13.6262616539175
13.611402329474457
13.596581145538032
13.581805019756917
13.567084971012628
13.552436438940168
13.537882693176556
13.523458138113195
13.509212135101402
13.495221626478802
13.481591464977559
13.468495062645898
13.456154488797582
13.444965143966417
13.435392945515094
13.428353737640359
13.424805645029263
13.42691335364278
13.415026215107613
13.40387847944163
13.392231646908916
13.381405260920953
13.370027843625373
13.359566739750248
13.348492507110622
13.338448500376487
13.327717005940098
13.318151547444957
13.307809270933163
13.29879547352005
13.288897108036556
13.28052216869825
13.271132106318666
13.263500232941935
13.254694287557594
13.247930248026703
13.239797647655966
13.234051077284944
13.226696750361272
13.22214737550474
13.215694542951699
13.21255850239426
13.20715156551082
13.205689034209428
13.20149671217515
13.202021049887014
13.135435674476872
13.087507550672424
13.048099358607876
13.017706838987294
12.991974275966442
12.97067129868313
12.951875036449428
12.935290501104177
12.920045457029364
12.905922327627517
12.892515198421087
12.87968674982716
12.867243667867365
12.855105065410777
12.84317700844607
12.831413502318242
12.819768122043767
12.808215192506902
12.79673144821748
12.785302680265117
12.773917100874712
12.762566862858684
12.751245944594405
12.739949999138723
12.728675933094687
12.717421320094285
12.706184565822486
12.694964299148326
12.68375969725727
12.672569971511564
12.661394697022246
12.650233409146118
12.639085887929365
12.627951850839821
12.616831182795902
12.605723705009067
12.594629355349856
12.58354801511004
12.572479648249036
12.56142417154059
12.55038156124196
12.539351755560586
12.528334736078737
12.517330454283764
12.506338893652053
12.49536001412812
12.48439379947563
12.47344021518296
12.462499244618355
12.451570857012404
12.440655035110947
12.429751750744442
12.418860986021722
12.407982714631126
12.397116918119773
12.386263571539057
12.37542265597913
12.36459414751696
12.353778026891288
12.342974270969139
12.332182860232676
12.321403772171484
12.310636987091149
12.29988248298257
12.289140240040378
12.278410236667577
12.267692452999896
12.256986867786031
12.246293461144155
12.235612212118887
12.224943100842431
12.21428610661733
12.203641209615
12.19300838936621
12.182387626100832
12.171778899555349
12.161182190032294
12.150597477456454
12.140024742213983
12.129463964403687
12.118915124503975
12.108378202776716
12.097853179798475
12.087340035985129
12.076838752016378
12.066349308454832
12.055871686086265
12.045405865614342
12.0349518279335
12.024509553883318
12.014079024468526
12.00366022066049
11.993253123575126
11.98285771431255
11.972473974100263
11.9621018841639
11.95174142584309
11.941392580486303
11.931055329545343
11.92072965448921
11.91041553688155
11.900112958310084
11.889821900449933
11.879542345005659
11.869274273763153
11.859017668542345
11.84877251123957
11.838538783788417
11.828316468194954
11.818105546505095
11.807906000833828
11.797717813338291
11.787540966241579
11.77737544181077
11.767221222376435
11.757078290314299
11.746946628061702
11.736826218101916
11.72671704297816
11.71661908528031
11.706532327656591
11.696456752802582
11.686392343470581
11.676339082460787
11.66629695262909
11.656265936879155
11.646246018169633
11.636237179506715
11.626239403950947
11.616252674610582
11.606276974646912
11.596312287269159
11.58635859573892
11.576415883365447
11.566484133509698
11.55656332958028
11.546653455036799
11.536754493386285
11.526866428186052
11.516989243040886
11.507122921605069
11.497267447580361
11.487422804717255
11.477588976813546
11.467765947715362
11.45795370131566
11.448152221555402
11.43836149242213
11.428581497950757
11.418812222222574
11.40905364936592
11.399305763555045
11.389568549010859
11.379841989999944
11.37012607083506
11.360420775874264
11.350726089521594
11.341041996225963
11.331368480481682
11.321705526827975
11.31205311984891
11.30241124417304
11.292779884473532
11.283159025467704
11.273548651917086
11.263948748627023
11.254359300446781
11.24478029226911
11.235211709030263
11.225653535709606
11.216105757329926
11.206568358956543
11.197041325697937
11.187524642704725
11.178018295170597
11.168522268330925
11.159036547463526
11.149561117888084
11.140095964966147
11.130641074100826
11.121196430736749
11.111762020359874
11.102337828497348
11.092923840717194
11.08352004262853
11.074126419880908
11.064742958164604
11.055369643210303
11.046006460788716
11.036653396710971
11.027310436827896
11.017977567030073
11.008654773247912
10.999342041451076
10.990039357648776
10.980746707889256
10.971464078259984
10.962191454886996
10.952928823935443
10.943676171608818
10.934433484149125
10.925200747836797
10.915977948990237
10.906765073965989
10.897562109158432
10.888369040999667
10.879185855959513
10.870012540544963
10.86084908130068
10.851695464808213
10.842551677686155
10.83341770659015
10.824293538212483
10.81517915928202
10.806074556564203
10.796979716860731
10.787894627009466
10.778819273884455
10.769753644395552
10.760697725488518
10.751651504144593
10.742614967380723
10.733588102249197
10.724570895837331
10.715563335268056
10.706565407698752
10.697577100321876
10.688598400364818
10.679629295089182
10.670669771791262
10.661719817801712
10.652779420485198
10.643848567240685
10.634927245500977
10.626015442732523
10.61711314643585
10.60822034414462
10.599337023426223
10.590463171881282
10.581598777143496
10.572743826879769
10.563898308789737
10.555062210606136
10.546235520094093
10.537418225051406
10.528610313308343
10.519811772727394
10.5110225912033
10.50224275666276
10.493472257064502
10.48471108039915
10.475959214688814
10.467216647987362
10.458483368379952
10.449759363983288
10.441044622945048
10.432339133444131
10.423642883690457
10.414955861924668
10.406278056418191
10.397609455473177
10.388950047422165
10.380299820628046
10.371658763484014
10.363026864413497
10.354404111869895
10.345790494336432
10.337186000326275
10.328590618382142
10.320004337076469
10.311427145010969
10.302859030816913
10.29429998315458
10.285749990713558
10.27720904221219
10.268677126397957
10.260154232046974
10.251640347963981
10.243135462982487
10.23463956596417
10.226152645799111
10.217674691405712
10.209205691730347
10.200745635747472
10.19229451245938
10.183852310896185
10.17541902011553
10.166994629202728
10.158579127270576
10.15017250345902
10.141774746935454
10.133385846894315
10.125005792556896
10.116634573171554
10.108272178013513
10.099918596384454
10.09157381761281
10.083237831053356
10.074910626087396
10.066592192122476
10.058282518592142
10.049981594956083
10.041689410700059
10.033405955335398
10.025131218399444
10.016865189454984
10.008607858090414
10.000359213919536
9.992119246581472
9.9838879457406
9.97566530108637
9.9674513023332
9.959245939220539
9.951049201512559
9.942861078998135
9.9346815614908
9.926510638828583
9.918348300873784
9.910194537513219
9.902049338657745
9.893912694242355
9.885784594226136
9.877665028591867
9.869553987346336
9.86145146052
9.85335743816678
9.845271910364218
9.837194867213249
9.829126298838082
9.821066195386113
9.813014547028041
9.804971343957217
9.79693657639023
9.788910234566291
9.780892308747493
9.772882789218512
9.764881666286398
9.756888930280734
9.748904571553553
9.740928580478961
9.732960947453293
9.725001662894908
9.717050717244144
9.709108100963071
9.701173804535813
9.693247818467865
9.68533013328648
9.677420739540242
9.669519627799305
9.661626788654912
9.653742212719834
9.645865890627551
9.63799781303286
9.630137970611248
9.622286354059375
9.614442954094146
9.606607761453727
9.598780766896134