30290.799692290224
30176.02274507126
30059.7386255339
29940.19910536941
29815.799461077127
29685.069440949213
29546.673252889213
29399.419022840768
29242.27442253538
29074.381874844523
28895.064996830868
28703.818925291223
28500.281098824533
28284.18448609622
28055.299620457517
27813.373182676107
27558.069242151494
27288.916402872685
27005.262328237834
26706.23806478772
26390.738683796004
26057.43333012945
25704.82498946793
25331.384577829314
24935.778999646467
24517.189983549873
24075.674610284168
23612.46148505057
23130.048826649985
22632.020585005022
22122.620642559305
21606.239688668134
21086.985429976747
20568.427406496972
20053.511631896075
19544.588751479485
19043.495681893237
18551.649272217175
18070.130662637617
17599.752968801775
17141.112545872365
16694.627332325665
16260.566405932683
15839.074151788118
15430.191221132107
15033.87332727867
14650.00816147977
14278.430346567937
13918.934268405035
13571.284695894039
13235.225219146787
12910.48465223583
12596.781644884963
12293.827821468818
12001.329810385076
11718.990534970522
11446.510104552828
11183.586575335832
10929.916759552681
10685.197167120077
10449.125085036114
10221.399747170493
10001.723523098415
9789.803054155207
9585.350279277389
9388.083313780766
9197.727164529091
9014.014281328507
8836.684955609013
8665.48758385038
8500.178815831405
8340.523607841555
8186.2951995438125
8037.27503099428
7893.252613914814
7754.0253689706315
7619.3984386672
7489.1844836016835
7363.203468186675
7241.282440589528
7123.255310476247
7008.962627191568
6898.251360227119
6790.974683210007
6686.991762167839
6586.167548476088
6488.372576651345
6393.48276700023
6301.379233049188
6211.948093646477
6125.080289628077
6040.671404959372
5958.621492293814
5878.8349029199
5801.22012109384
5725.689602773997
5652.159618784197
5580.550102436136
5510.78450163761
5442.78963550484
5376.495555485192
5311.83541098248
5248.745319462357
5187.164241000573
5127.033857223264
5068.298454575995
5010.904811847455
4954.802091864602
4899.941737268518
4846.277370274251
4793.764696313363
4742.361411454625
4692.02711349588
4642.723216618931
4594.412869498554
4547.060876756909
4500.633623655054
4455.099003914367
4410.426350561975
4366.5863696958295
4323.551077066997
4281.293737378638
4239.7888062033435
4199.011874422668
4158.939615095103
4119.5497326609875
4080.820914395324
4042.7327840219627
4005.265857404882
3968.4015002349506
3932.121887632839
3896.409965591259
3861.2494141820885
3826.6246124563127
3792.520604967123
3758.9230698487313
3725.81828838585
3693.193116010973
3661.034954668775
3629.3317264891957
3598.071848712748
3567.244209813778
3536.8381467693766
3506.8434234235633
3477.250209898333
3448.0490630050017
3419.2309076110923
3390.7870189197497
3362.7090056204156
3334.9887938710945
3307.6186120741977
3280.5909764094695
3253.898677088983
3227.5347653007125
3201.4925408084623
3175.7655401774286
3150.3475255958397
3125.232474264429
3100.414568326722
3075.8881853141916
3051.647889081559
3027.688421208464
3004.0046928448583
2980.5917769783864
2957.444901103005
2934.5594402689458
2911.9309104950503
2889.554962525276
2867.427375912004
2845.544053409523
2823.9010156617583
2802.4943961690788
2781.320436519605
2760.375481871101
2739.6559766701675
2719.1584605960024
2698.879564716512
2678.8160078452233
2658.964593087779
2639.322204567445
2619.8858043194077
2600.652429344198
2581.619188810906
2562.78326140138
2544.1418927869236
2525.6923932294044
2507.4321352991806
2489.3585517023903
2471.46913321078
2453.7614266873766
2436.233033201759
2418.8816062289975
2401.7048499266084
2384.7005174842666
2367.8664095412555
2351.2003726669536
2334.700297900004
2318.364119342018
2302.1898128020257
2286.1753944881257
2270.318919743043
2254.6184818206366
2239.0722107005513
2223.678271938574
2208.4348655504145
2193.3402249268875
2178.3926157787214
2163.590335109414
2148.931710214759
2134.415097707877
2120.0388825687637
2105.8014772175425
2091.701320610764
2077.736877360251
2063.9066368741373
2050.209112519829
2036.6428408087872
2023.2063806030762
2009.8983123437376
1996.71723730112
1983.661776847317
1970.730571750978
1957.922281494733
1945.2355836155086
1932.669173068065
1920.221761612018
1907.8920772226643
1895.678863525887
1883.5808792573805
1871.5968977464447
1859.7257064245255
1847.9661063586502
1836.316911809881
1824.7769498168334
1813.3450598042764
1802.0200932167797
1790.8009131773103
1779.6863941706454
1768.675421751417
1757.7668922765326
1746.9597126617143
1736.2528001618107
1725.6450821745138
1715.13549606709
1704.7229890256633
1694.4065179265974
1684.1850492294532
1674.0575588910183
1664.0230322998377
1654.0804642306823
1644.228858818369
1634.4672295503167
1624.794599277229
1615.210000241261
1605.712474121024
1596.3010720927577
1586.9748549070096
1577.7328929801013
1568.5742664997
1559.4980655437291
1550.503390211895
1541.5893507690007
1532.7550677992917
1523.999672370913
1515.3223062096404
1506.7221218809102
1498.1982829791757
1489.749964323541
1481.3763521585486
1473.0766443589719
1464.8500506373455
1456.6957927529147
1448.6131047206181
1440.6012330186047
1432.6594367927428
1424.7869880564494
1416.9831718841524
1409.2472865965408
1401.5786439357605
1393.976569228589
1386.4404015356029
1378.9694937842798
1371.5632128839613
1364.2209398205612
1356.942069728934
1349.726011940803
1342.572190006206
1335.4800416864823
1328.4490189168994
1321.4785877371423
1314.5682281880192
1307.7174341729403
1300.9257132828584
1294.1925865836724
1287.5175883652619
1280.9002658516688
1274.3401788721812
1267.8368994934535
1261.3900116130849
1254.9991105154484
1248.6638023909388
1242.3837038201293
1236.1584412247255
1229.9876502875375
1223.8709753440473
1217.808068748453
1211.7985902173966
1205.8422061548388
1199.9385889617793
1194.0874163347505
1188.2883705571312
1182.5411377874746
1176.845407349116
1171.2008710253165
1165.6072223641954
1160.0641559976382
1154.5713669782056
1149.1285501379377
1143.7353994727237
1138.391607555641
1133.0968649824158
1127.8508598518133
1122.653277283431
1117.5037989750444
1112.4021028012091
1107.3478624545303
1102.3407471305427
1097.380421256842
1092.4665442666594
1087.5987704167724
1082.776748649264
1078.00012249634
1073.2685300270925
1068.581603834845
1063.938971063472
1059.3402534708266
1054.7850675273091
1050.2730245473592
1045.8037308516
1041.3767879572508
1036.991792794345
1032.648337945278
1028.346011905184
1024.0843993606532
1019.8630814843542
1015.6816362431622
1011.5396387174746
1007.4366614294843
1003.3722746782755
999.3460468797289
995.3575449093256
991.4063344460799
987.491980315947
983.6140468331931
979.7720981383451
975.9656985314542
972.1944127995732
968.4578065374246
964.7554464603954
961.0869007091043
957.4517391448867
953.8495336356485
950.2798583316695
946.7422899309671
943.2364079339877
939.7617948874195
936.3180366170056
932.904722449307
929.5214454224202
926.1678024856983
922.8433946885625
919.5478273585599
916.2807102688141
913.0416577950657
909.8302890625305
906.6462280827909
903.489103880986
900.3585506135216
897.254207676606
894.1757198058317
891.1227371670841
888.0949154390379
885.091915887477
882.1134054316932
879.1590567032039
876.228548096991
873.321563815493
870.4377939055431
867.5769342884296
864.7386867832626
861.9227591237898
859.1288649688217
856.3567239063669
853.6060614516156
850.8766090388668
848.1681040074739
845.4802895818923
842.812914845901
840.1657347110375
837.5385098793025
834.9310068001629
832.3429976218963
829.774260137295
827.2245777237551
824.6937392777718
822.1815391438777
819.6877770380274
817.2122579654748
814.7547921331761
812.3151948567569
809.893286462102
807.4888921816346
805.1018420453605
802.7319707667733
800.3791176237422
798.0431263344942
795.7238449288678
793.4211256149912
791.1348246416012
788.864802156204
786.6109220593513
784.3730518552821
782.1510624992418
779.944828241807
777.7542264705596
775.5791375494996
773.4194446565922
771.2750336198836
769.1457927526291
767.0316126879127
764.9323862132362
762.8480081056009
760.7783749675872
758.7233850649574
756.6829381663385
754.6569353855024
752.6452790267916
750.6478724342234
748.6646198447997
746.6954262465235
744.7401972416244
742.7988389154658
740.8712577115684
738.9573603131781
737.0570535317407
735.1702442026516
733.2968390885554
731.436744790465
729.589867666909
727.7561137612663
725.9353887374003
724.127597823637
722.3326457651183
720.5504367844537
718.7808745505948
717.023862155768
715.2793021002727
713.5470962849025
711.8271460106868
710.1193519856424
708.4236143381477
706.7398326365527
705.0679059145878
703.4077327021193
701.759211060785
700.1222386240077
698.4967126409028
696.8825300235744
695.2795873972824
693.6877811530109
692.1070075019163
690.5371625311983
688.9781422609302
687.4298427013971
685.8921599105374
684.3649900510871
682.8482294470643
681.3417746392566
679.8455224394103
678.3593699828423
676.8832147792425
675.4169547614392
673.9604883319793
672.5137144073365
671.0765324596704
669.6488425560198
668.2305453948806
666.8215423401365
665.4217354523175
664.0310275172098
662.6493220718415
661.276523427889
659.9125366925733
658.5572677871145
657.2106234628477
655.8725113150758
654.5428397947919
653.2215182183547
651.9084567752593
650.603566534102
649.3067594468687
648.0179483516645
646.7370469740026
645.463969926775
644.198632709011
642.9409517035335
641.6908441736321
640.4482282588397
639.2130229699172
637.9851481831298
636.7645246339137
635.5510739099967
634.3447184440622
633.1453815060088
631.9529871948876
630.7674604305555
629.5887269451147
628.4167132741654
627.2513467479404
626.0925554823322
624.9402683698697
623.7944150706566
622.6549260033108
621.5217323359209
620.3947659770397
619.2739595667343
618.159246467705
617.0505607564894
615.9478372147478
614.8510113206626
613.7600192404306
612.6747978198713
611.59528457615
610.5214176896146
609.4531359957522
608.3903789772622
607.3330867562506
606.2812000865385
605.2346603460884
604.1934095295474
603.1573902409016
602.1265456862358
601.100819666615
600.0801565710589
599.0645013696239
598.0537996065917
597.0479973937449
596.0470414037491
595.0508788636234
594.0594575482986
593.0727257742694
592.0906323933298
591.1131267863899
590.140158857381
589.17167902723
588.2076382279234
587.2479878966363
586.2926799699452
585.3416668781034
584.3949015393968
583.452337354563
582.5139282012839
581.5796284287401
580.6493928522365
579.7231767478893
578.8009358473798
577.8826263327721
576.968204831388
576.0576284107509
575.1508545735874
574.2478412528859
573.3485468070254
572.4529300149508
571.5609500714153
570.6725665822828
569.7877395598805
568.9064294184152
568.0285969694469
567.1542034174156
566.2832103552299
565.415579759905
564.551273988266
563.6902557726976
562.8324882169579
561.9779347920398
561.1265593320921
560.278326030399
559.4331994354022
558.5911444467921
557.7521263116429
556.916110620607
556.0830633041584
555.2529506288992
554.4257391939063
553.6013959271422
552.7798880819138
551.961183233387
551.145249275148
550.3320544158262
549.5215671757605
548.7137563837213
547.9085911736857
547.1060409816628
546.3060755425666
545.5086648871483
544.7137793389684
543.9213895114297
543.1314663048546
542.3439809036123
541.5589047732982
540.7762096579597
539.9958675773743
539.2178508243753
538.4421319622223
537.6686838220256
536.8974795002148
536.1284923560565
535.3616960092156
534.5970643373703
533.8345714738662
533.0741918054179
532.315899969864
531.559670853954
530.805479591193
530.0533015597222
529.303112380246
528.5548879140055
527.8086042607905
527.0642377570005
526.3217649737393
525.5811627149606
524.8424080156492
524.1054781400456
523.3703505799112
522.6370030528299
521.9054135005574
521.175560087399
520.4474211986343
519.7209754389775
518.9962016310706
518.2730788140233
517.5515862419768
516.8317033827165
516.1134099163083
515.396685733778
514.6815109358196
513.9678658315393
513.2557309372338
512.5450869751955
511.83591487255813
511.12819576016096
510.4219109714566
509.71704204144106
509.013570705611
508.3114788989558
507.61074875497144
506.9113626047057
506.21330297582693
505.51655259171747
504.8210943705946
504.1269114246566
503.43398705924443
502.74230477203713
502.0518482522596
501.3626013799165
500.67454822504595
499.98767304699015
499.30196029368676
498.6173946009796
497.9339607919418
497.25164387622044
496.57042904939385
495.8903016923446
495.2112473706439
494.5332518339524
493.856301015432
493.1803810311683
492.50547817960273
491.83157894097883
491.15866997678904
490.4867381292384
489.8157704207105
489.145754053239
488.47667640798653
487.80852504472955
487.1412877013402
486.4749522932812
485.8095069130932
485.14493982988876
484.48123948884313
483.81839451068834
483.1563936912022
482.49522600069815
481.83488058350775
481.17534675746396
480.5166140133769
479.858672014504
479.20151059601665
478.5451197644535
477.8894896971742
477.23461074179716
476.58047341563235
475.9270684050995
475.2743865651438
474.62241891862715
473.9711566557191
473.32059113326864
472.6707138741628
472.0215165666709
471.37299106377657
470.72512938248923
470.0779237031439
469.4313663686806
468.7854498839114
468.1401669147615
467.49551028749954
466.8514729879471
466.20804816066396
465.56522910812015
464.9230092898455
464.2813823215549
463.6403419742594
462.9998821733479
462.3599969976572
461.7206806785077
461.08192759872895
460.4437322916549
459.80608944010095
459.16899387531186
458.53244057589706
457.896424666734
457.2609414178514
456.62598624328893
455.9915546999375
455.3576424863495
454.72424544152943
454.0913595437066
453.45898090907457
452.8271057905156
452.19573057629964
451.56485178876335
450.9344660829626
450.3045702453077
449.6751611921742
449.04623596849444
448.41779174632467
447.78982582339904
447.1623356216547
446.5353186857436
445.9087726815226
445.28269539452583
444.65708472841993
444.0319387034391
443.4072554548068
442.7830332311387
442.1592703928313
441.5359654104372
440.9131168630216
440.2907234365108
439.66878392202466
439.04729721419864
438.4262623094952
437.8056783045017
437.18554439422496
436.5658598703696
435.94662411961804
435.3278366218943
434.70949694862776
434.09160476101
433.47415980825036
432.85716192582055
432.2406110337118
431.62450713467217
431.0088503124603
430.3936407300893
429.7788786280787
429.164564322704
428.5506982042554
427.93728073529707
427.324312448933
426.71179394708093
426.0997258987563
425.48810903835573
424.8769441639621
424.2662321356506
423.6559738738142
423.04617035749476
422.4368226227325
421.8279317609281
421.2194989172197
420.6115252888777
420.0040121237167
419.3969607185202
418.7903724174962
418.1842486107388
417.5785907327182
416.97340026079235
416.36867871373687
415.7644276503001
415.1606486677809
414.55734340063316
413.95451351909105
413.3521607278244
412.7502867646143
412.14889339906324
411.5479824313255
410.9475556908704
410.3476150352704
409.74816234901914
409.1491995423816
408.55072855026754
407.9527513311411
407.3552698659567
406.7582861571287
406.16180222752763
405.5658201195124
404.97034189398914
404.37536962950514
403.7809054213702
403.18695138081387
402.59350963417205
402.00058232210387
401.4081715988422
400.81627963147497
400.22490859925716
399.6340606929533
399.0437381142155
398.4539430749827
397.8646777969237
397.27594451089595
396.6877454564464
396.1000828813336
395.51295904108446
394.9263761985749
394.3403366236421
393.7548425927236
393.169896388524
392.58550029970627
392.0016566206125
391.41836765100646
390.83563569584385
390.25346306506714
389.6718520734202
389.0908050402907
388.5103242895704
387.9304121495386
387.3510709527676
386.77230303604665
386.19411074032195
385.6164964106625
385.0394623962366
384.4630110503042
383.8871447302326
383.3118657975198
382.7371766178352
382.16307956106954
381.58957700140456
381.0166713173869
380.44436489201354
379.87266011283145
379.30155937203887
378.7310650666023
378.1611795983713
377.5919053742066
377.0232448061107
376.4552003113626
375.8877743126521
375.32096923822576
374.754787522024
374.1892316038257
373.62430392939075
373.0600069505994
372.4963431255951
371.9333149189165
371.37092480163597
370.8091752514868
370.24806875298697
369.68760779755894
369.12779488364197
368.5686325167985
368.01012320980954
367.45226948276695
366.89507386315285
366.3385388859101
365.78266709350424
365.22746103597285
364.6729232709654
364.1190563637696
363.56586288732836
363.0133454222419
362.4615065567552
361.91034888673767
361.3598750156449
360.81008755446453
360.2609891216553
359.71258234306265
359.1648698518239
358.61785428826073
358.071538299749
357.525924540582
356.9810156718111
356.43681436107374
355.89332328240636
355.35054511603886
354.80848254817556
354.2671382707601
353.72651498122434
353.1866153822179
352.6474421813287
352.10899809078387
351.5712858271342
351.034308110926
350.4980676663563
349.962567220913
349.42780950500105
348.89379725155413
348.3605331956306
347.8280200739958
347.29626062469265
346.7652575865965
346.2350136989576
345.70553170093
345.1768143310901
344.6488643269408
344.12168442440424
343.5952773573045
343.0696458568376
342.544792651033
342.0207204642007
341.4974320163742
340.97493002274
340.45321719305986
339.9322962310822
339.41216983394986
338.892840691596
338.3743114861335
337.8565848912398
337.33966357153275
336.82355018194284
336.30824736707734
335.7937577605817
335.2800839844956
334.7672286486045
334.2551943497856
333.7439836713577
333.23359918241795
332.7240434371837
332.2153189743304
331.7074283163241
331.2003739687615
330.69415841969885
330.18878413898943
329.684253577612
329.18056916701124
328.6777333184267
328.1757484222327
327.67461684727306
327.1743409402026
326.6749230248267
326.1763654014485
325.67867034621247
325.1818401104592
324.6858769200755
324.19078297485703
323.6965604478671
323.2032114848055
322.71073820338194
322.2191426926928
321.7284270126022
321.2385931931348
320.7496432338678
320.2615791033344
319.7744027384325
319.28811604383776
318.80272089142954
318.31821911971997
317.8346125332912
317.3519029022444
316.8700919616528
316.3891814110266
315.9091729137844
315.4300680967354
314.9518685495715
314.47457582436846
313.9981914350969
313.5227168571413
313.0481535268382
312.5745028410116
312.10176615653324
311.6299447898828
311.15904001672806
310.68905307151283
310.21998514705655
309.7518373941682
309.2846109212737
308.81830679405095
308.3529260350842
307.8884696235286
307.42493849478893
306.962333540211
306.5006556067909
306.0399054968932
305.58008396798874
305.12119173240467
304.66322945708987
304.2061977633957
303.75009722687304
303.29492837708585
302.8406916974372
302.38738762501544
301.9350165504554
301.4835788178169
301.03307472447716
300.5835045210454
300.1348684112901
299.68716655208596
299.24039905338043
298.79456597817153
298.3496673425108
297.90570311552176
297.4626732194341
297.02057752964015
296.57941587476813
296.13918803677296
295.6998937510474
295.2615327065525
294.8241045459628
294.38760886583674
293.9520452168003
293.5174131037529
293.0837119860903
292.650941277949
292.2191003484664
291.7881885220616
291.3582050787345
290.9291492543853
290.50102024114915
290.0738171877525
289.64753919988607
289.2221853405969
288.79775463069865
288.3742460491982
287.95165853374147
287.52999098107665
287.109242247534
286.68941114952327
286.2704964640457
285.85249692922594
285.4354112448579
285.019238072965
284.6039760383791
284.1896237293319
283.77617969806244
283.3636424614372
282.9520105015859
282.54128226654893
282.1314561709399
281.7225305966177
281.3145038933741
280.90737437962883
280.50114034314
280.0958000417216
279.6913517039724
279.2877935300144
278.88512369224054
278.4833403360684
278.08244158070545
277.6824255199182
277.28329022280974
276.885033734603
276.4876540774298
276.091149251123
275.6955172340147
275.3007559837396
274.9068634380368
274.5138375155586
274.12167611667746
273.7303771242988
273.33993840466997
272.9503578081897
272.5616331702224
272.17376231190394
271.78674304094886
271.40057315245843
271.01525042972065
270.6307726450083
270.24713756037625
269.8643429284492
269.482386493209
269.1012659907717
268.72097915016286
268.34152369408235
267.9628973396655
267.58509779923344
267.2081227810378
266.83196998999324
266.45663712840746
266.0821218966927
265.70842199407696
265.3355351192953
264.963458971279
264.5921912498284
264.2217296562752
263.8520718941339
263.483215669741
263.11515869288166
262.7478986774011
262.3814333418088
262.0157604098633
261.6508776111465
261.2867826816247
260.9234733641935
260.56094740921185
260.19920257501707
259.83823662842997
259.4780473452434
259.11863251069497
258.75998991992776
258.4021173784326
258.0450127024787
257.6886737195267
257.3330982686287
256.9782842008099
256.6242293794395
256.27093168058394
255.91838899334317
255.56659922017676
255.21556027720905
254.86527009452587
254.5157266164497
254.16692780180426
253.8188716241642
253.47155607208816
253.12497914933775
252.7791388750842
252.4340332840986
252.08966042693018
251.74601837006608
251.40310519608346
251.0609190037851
250.7194579083212
250.3787200412972
250.0387035508732
249.69940660184506
249.36082737571544
249.02296407075482
248.6858149020449
248.34937810151735
248.0136519179727
247.6786346170969
247.34432448145802
247.01071981050023
246.67781892052093
246.34562014464012
246.0141218327619
245.68332235152178
245.35322008422733
245.02381343079028
244.69510080764655
244.3670806476718
244.0397514000847
243.7131115303449
243.38715952004148
243.06189386677528
242.73731308403205
242.41341570105084
242.09020026268416
241.7676653292523
241.44580947639122
241.12463129489376
240.8041293905485
240.48430238396782
240.16514891041663
239.8466676196313
239.5288571756372
239.21171625656137
238.8952435544389
238.57943777501987
238.26429763756605
237.94982187465214
237.63600923195756
237.32285846805817
237.0103683542149
236.69853767415933
236.38736522387853
236.07684981139533
235.76699025655014
235.45778539077722
235.14923405688307
234.84133510882228
234.53408741147013
234.22748984039893
233.9215412816503
233.61624063150646
233.3115867962644
233.00757869200743
232.70421524437663
232.4014953883441
232.09941806798574
231.79798223625323
231.49718685474815
231.1970308934974
230.8975133307273
230.59863315264062
230.30038935319334
230.00278093387354
229.7058069034825
229.40946627791388
229.1137580799395
228.8186813389917
228.52423509095112
228.23041837793485
227.93723024808602
227.64466975536664
227.35273595935243
227.06142792502865
226.7707447225887
226.48068542723678
226.19124911898928
225.90243488248188
225.61424180677764
225.32666898518008
225.03971551504267
224.75338049758804
224.46766303772634
224.182562243876
223.89807722778986
223.6142071043801
223.33095099154903
223.04830801002348
222.76627728318775
222.4848579369248
222.20404909945495
221.92384990118285
221.64425947454308
221.3652769538509
221.08690147515549
220.80913217609609
220.5319681957605
220.25540867454816
219.97945275403384
219.70409957683614
219.4293482864888
219.15519802731325
218.88164794429693
218.60869718297087
218.33634488929422
218.06459020953793
217.79343229017385
217.52287027776572
217.252903318863
216.98353055989716
216.71475114708178
216.4465642263149
216.17896894308277
215.9119644423693
215.64554986856524
215.37972436538152
215.11448707576434
214.8498371418154
214.58577370471008
214.32229590462333
214.059402880653
213.79709377075093
213.5353677116513
213.27422383880617
213.01366128631832
212.75367918688238
212.49427667172267
212.23545287053702
211.97720691144022
211.71953792091279
211.46244502374952
211.2059273430093
210.94998399997047
210.69461411408608
210.43981680293916
210.1855911822054
209.93193636561222
209.67885146490323
209.42633558980268
209.1743878479832
208.92300734503465
208.67219318443426
208.42194446751893
208.1722602934603
207.9231397592397
207.67458195962533
207.42658598715178
207.17915093210027
206.93227588248087
206.68595992401572
206.44020214012488
206.19500161191078
205.9503574181488
205.70626863527437
205.4627343373742
205.21975359617684
204.9773254810489
204.73544905898524
204.49412339460747
204.2533475501592
204.01312058550363
203.77344155812347
203.5343095231207
203.29572353321507
203.0576826387503
202.82018588769407
202.5832323256424
202.34682099582548
202.11095093911214
201.87562119401795
201.6408307967117
201.40657878102397
201.1728641784567
200.93968601819262
200.7070433271058
200.47493512977314
200.24336044848764
200.0123183032699
199.78180771188178
199.55182768984048
199.3223772504336
199.09345540473495
198.8650611616193
198.6371935277794
198.4098515077428
198.18303410389055
197.95674031647349
197.73096914363137
197.50571958141288
197.2809906237929
197.05678126269524
196.8330904880098
196.6099172876162
196.38726064740274
196.16511955128811
195.9434929812448
195.72237991731907
195.5017793376548
195.2816902185156
195.06211153430834
194.84304225760593
194.62448135917163
194.40642780798254
194.18888057125372
193.97183861446177
193.75530090137175
193.5392663940594
193.3237340529382
193.10870283678193
192.8941717027537
192.6801396064284
192.4666055018199
192.25356834140655
192.04102707615723
191.82898065555779
191.6174280276374
191.4063681389937
191.19579993482142
190.98572235893727
190.7761343538077
190.5670348605749
190.35842281908478
190.1502971679137
189.94265684439398
189.73550078464294
189.52882792358986
189.32263719500193
189.11692753151345
188.91169786465096
188.70694712486264
188.5026742415443
188.2988781430672
188.09555775680687
187.8927120091681
187.69033982561373
187.48844013069302
187.2870118480672
187.08605390053904
186.88556521007857
186.68554469785087
186.48599128424524
186.28690388890075
186.0882814307338
185.89012282796685
185.69242699815473
185.49519285821248
185.29841932444188
185.10210531256035
184.90624973772665
184.71085151456904
184.51590955721164
184.32142277930296
184.12739009404075
183.93381041420218
183.7406826521678
183.54800571995014
183.35577852921992
183.1639999913335
182.9726690173595
182.7817845181045
182.59134540414163
182.40135058583513
182.21179897336776
182.02268947676743
181.83402100593366
181.64579247066325
181.45800278067628
181.27065084564336
181.08373557521094
180.8972558790276
180.71121066676926
180.52559884816608
180.34041933302734
180.15567103126716
179.97135285293095
179.78746370821952
179.6040025075152
179.42096816140784
179.23835958071788
179.05617567652405
178.87441536018574
178.69307754337154
178.51216113807934
178.33166505666517
178.15158821186563
177.971929516823
177.79268788510922
177.6138622307512
177.43545146825443
177.25745451262623
177.079870279402
176.90269768466615
176.72593564507866
176.5495830778969
176.37363890100005
176.19810203291263
176.02297139282675
175.848245900627
175.6739244769124
175.5000060430195
175.32648952104603
175.15337383387316
174.98065790518743
174.8083406595043
174.6364210221909
174.46489791948682
174.29377027852803
174.12303702736727
173.95269709499743
173.78274941137278
173.61319290743006
173.4440265151113
173.27524916738403
173.10685979826337
172.93885734283333
172.77124073726733
172.60400891884908
172.43716082599457
172.27069539827022
172.10461157641672
171.93890830236745
171.77358451926824
171.6086391714996
171.44407120469424
171.27987956575973
171.11606320289567
170.95262106561486
170.78955210476218
170.62685527253453
170.46452952249928
170.30257380961362
170.1409870902438
169.97976832218382
169.8189164646735
169.65843047841827
169.49830932560587
169.33855196992576
169.17915737658765
169.0201245123377
168.86145234547791
168.70313984588327
168.5451859850194
168.38758973595995
168.2303500734029
168.07346597368937
167.91693641481913
167.76076037646834
167.60493684000588
167.4494647885095
167.2943432067829
167.1395710813707
166.98514740057675
166.83107115447743
166.67734133493985
166.5239569356349
166.37091695205538
166.21822038152953
166.06586622323726