30308.54032253953
30306.553932223607
30304.56831242675
30302.583460345177
30300.599373173784
30298.61604810628
30296.63348233512
30294.65167305145
30292.670617445197
30290.690312705072
30288.710756018456
30286.731944571522
30284.75387554917
30282.77654613501
30280.799953511436
30278.82409485954
30276.84896735921
30274.874568188996
30272.900894526236
30270.92794354697
30268.955712426006
30266.98419833685
30265.013398451796
30263.043309941793
30261.073929976625
30259.10525572471
30257.13728435329
30255.170013028302
30253.20343891439
30251.23755917503
30249.272370972292
30247.30787146714
30245.34405781918
30243.380927186787
30241.418476727085
30239.45670359597
30237.49560494799
30235.535177936545
30233.575419713725
30231.616327430405
30229.657898236193
30227.700129279452
30225.743017707326
30223.786560665685
30221.83075529915
30219.875598751194
30217.921088163956
30215.967220678413
30214.01399343428
30212.061403570042
30210.109448223044
30208.158124529295
30206.20742962366
30204.257360639793
30202.307914710138
30200.359088965895
30198.41088053715
30196.46328655271
30194.51630414022
30192.569930426194
30190.62416253586
30188.67899759335
30186.734432721605
30184.790465042395
30182.84709167628
30180.904309742786
30178.962116360148
30177.020508645517
30175.079483714926
30173.139038683203
30171.199170664127
30169.259876770277
30167.32115411318
30165.382999803187
30163.445410949553
30161.508384660505
30159.5719180431
30157.636008203306
30155.70065224604
30153.76584727515
30151.831590393384
30149.897878702453
30147.964709303007
30146.032079294673
30144.099985775978
30142.16842584449
30140.23739659669
30138.306895128106
30136.3769185332
30134.44746390547
30132.518528337387
30130.590108920496
30128.662202745323
30126.734806901404
30124.807918477385
30122.8815345609
30120.955652238677
30119.030268596518
30117.105380719237
30115.180985690837
30113.257080594343
30111.333662511868
30109.410728524745
30107.48827571331
30105.56630115711
30103.644801934806
30101.723775124206
30099.803217802342
30097.88312704531
30095.96349992847
30094.04433352641
30092.125624912816
30090.207371160697
30088.289569342225
30086.37221652884
30084.455309791196
30082.538846199266
30080.622822822235
30078.70723672864
30076.792084986228
30074.87736466215
30072.96307282278
30071.049206533888
30069.13576286056
30067.22273886726
30065.310131617785
30063.397938175345
30061.486155602535
30059.57478096132
30057.663811313134
30055.753243718802
30053.843075238616
30051.93330293233
30050.023923859135
30048.1149350777
30046.206333646263
30044.298116622493
30042.390281063617
30040.482824026385
30038.575742567096
30036.66903374163
30034.76269460545
30032.856722213586
30030.951113620675
30029.045865881017
30027.14097604848
30025.23644117662
30023.332258318682
30021.428424527534
30019.52493685577
30017.621792355712
30015.718988079363
30013.816521078472
30011.91438840454
30010.012587108897
30008.111114242583
30006.20996685645
30004.309142001206
30002.408636727327
30000.50844808521
29998.608573125028
29996.70900889692
29994.809752450856
29992.91080083673
29991.01215110439
29989.113800303585
29987.215745484053
29985.317983695506
29983.420511987617
29981.52332741011
29979.626427012685
29977.72980784515
29975.833466957298
29973.937401399045
29972.041608220366
29970.146084471384
29968.25082720232
29966.35583346353
29964.46110030558
29962.566624779156
29960.672403935187
29958.77843482473
29956.88471449923
29954.991240010182
29953.098008409535
29951.205016749358
29949.312262082127
29947.419741460606
29945.527451937895
29943.63539056746
29941.743554403136
29939.851940499088
29937.960545910006
29936.069367690918
29934.17840289733
29932.287648585192
29930.397101810977
29928.506759631626
29926.616619104603
29924.726677287897
29922.836931240105
29920.947378020326
29919.058014688326
29917.168838304435
29915.279845929632
29913.391034625558
29911.502401454498
29909.613943479388
29907.725657764026
29905.837541372744
29903.949591370736
29902.06180482396
29900.17417879907
29898.28671036362
29896.39939658596
29894.512234535257
29892.625221281556
29890.73835389577
29888.851629449742
29886.96504501621
29885.078597668842
29883.192284482302
29881.306102532206
29879.42004889515
29877.534120648783
29875.64831487178
29873.762628643857
29871.877059045833
29869.9916031596
29868.106258068197
29866.22102085574
29864.335888607544
29862.450858410117
29860.565927351097
29858.681092519426
29856.796351005185
29854.911699899796
29853.027136295885
29851.142657287426
29849.25825996968
29847.373941439244
29845.489698794037
29843.605529133467
29841.7214295582
29839.8373971704
29837.953429073616
29836.069522372894
29834.185674174736
29832.301881587133
29830.418141719587
29828.53445168315
29826.650808590442
29824.7672095556
29822.883651694432
29821.000132124303
29819.116647964205
29817.233196334866
29815.349774358594
29813.466379159447
29811.583007863195
29809.699657597313
29807.81632549105
29805.93300867542
29804.049704283247
29802.166409449208
29800.28312130969
29798.399837003104
29796.51655366956
29794.633268451224
29792.749978492066
29790.866680938027
29788.983372936982
29787.100051638863
29785.21671419548
29783.333357760745
29781.44997949055
29779.566576542868
29777.68314607772
29775.799685257276
29773.916191245735
29772.032661209512
29770.149092317137
29768.26548173929
29766.381826648867
29764.49812422099
29762.614371632975
29760.73056606442
29758.84670469717
29756.962784715404
29755.078803305518
29753.194757656325
29751.310644958958
29749.426462406915
29747.542207196057
29745.65787652468
29743.7734675935
29741.888977605664
29740.004403766805
29738.119743285028
29736.2349933709
29734.350151237555
29732.465214100685
29730.580179178465
29728.695043691714
29726.809804863806
29724.924459920756
29723.03900609123
29721.15344060646
29719.267760700477
29717.381963609867
29715.496046574055
29713.610006835046
29711.723841637737
29709.837548229694
29707.9511238613
29706.06456578572
29704.177871258973
29702.29103753984
29700.404061890076
29698.51694157416
29696.629673859625
29694.742256016747
29692.854685318867
29690.966959042184
29689.079074465888
29687.19102887215
29685.302819546152
29683.414443776088
29681.525898853175
29679.637182071616
29677.74829072881
29675.85922212515
29673.969973564195
29672.080542352534
29670.190925799998
29668.301121219454
29666.411125927065
29664.520937242098
29662.63055248705
29660.739968987673
29658.849184072875
29656.958195074905
29655.066999329196
29653.17559417459
29651.283976953127
29649.392145010195
29647.50009569455
29645.60782635829
29643.715334356853
29641.822617049093
29639.929671797276
29638.03649596704
29636.14308692753
29634.24944205126
29632.355558714215
29630.461434295976
29628.56706617947
29626.67245175124
29624.777588401314
29622.88247352324
29620.987104514195
29619.09147877486
29617.195593709574
29615.299446726192
29613.403035236257
29611.506356654903
29609.609408400946
29607.712187896894
29605.814692568812
29603.91691984659
29602.018867163722
29600.120531957513
29598.221911668934
29596.32300374276
29594.423805627484
29592.524314775364
29590.62452864251
29588.72444468879
29586.824060377938
29584.92337317745
29583.02238055872
29581.12107999699
29579.219468971325
29577.31754496481
29575.415305464303
29573.512747960594
29571.609869948432
29569.706668926494
29567.803142397406
29565.89928786778
29563.995102848137
29562.090584853056
29560.185731401103
29558.280540014828
29556.375008220857
29554.469133549792
29552.562913536363
29550.656345719257
29548.749427641378
29546.842156849565
29544.934530894887
29543.026547332418
29541.118203721428
29539.209497625267
29537.300426611473
29535.390988251722
29533.48118012184
29531.57099980183
29529.660444875914
29527.74951293252
29525.83820156425
29523.926508367913
29522.014430944593
29520.101966899674
29518.18911384258
29516.27586938723
29514.362231151696
29512.448196758378
29510.53376383394
29508.61893000937
29506.70369291993
29504.788050205243
29502.871999509305
29500.955538480288
29499.038664770946
29497.121376038223
29495.20366994348
29493.285544152466
29491.36699633536
29489.448024166617
29487.52862532522
29485.608797494504
29483.688538362232
29481.76784562064
29479.84671696632
29477.9251501004
29476.00314272839
29474.080692560336
29472.157797310698
29470.234454698453
29468.31066244704
29466.386418284394
29464.46171994297
29462.536565159735
29460.610951676194
29458.68487723828
29456.75833959659
29454.83133650616
29452.903865726614
29450.97592502217
29449.047512161513
29447.11862491797
29445.189261069427
29443.25941839834
29441.32909469171
29439.39828774123
29437.466995343086
29435.535215298176
29433.602945411916
29431.670183494378
29429.73692736026
29427.803174828896
29425.86892372421
29423.934171874862
29421.99891711404
29420.06315727962
29418.126890214186
29416.190113764947
29414.252825783777
29412.315024127223
29410.37670665649
29408.43787123749
29406.498515740845
29404.558638041777
29402.618236020277
29400.67730756102
29398.735850553392
29396.793862891445
29394.851342473987
29392.90828720452
29390.96469499125
29389.02056374716
29387.075891389868
29385.13067584181
29383.184915030113
29381.23860688665
29379.291749348013
29377.344340355554
29375.39637785541
29373.44785979837
29371.498784140058
29369.54914884083
29367.598951865806
29365.648191184828
29363.696864772508
29361.744970608277
29359.792506676287
29357.83947096547
29355.885861469502
29353.931676186887
29351.976913120838
29350.021570279387
29348.065645675357
29346.109137326344
29344.15204325465
29342.194361487454
29340.23609005672
29338.277226999115
29336.31777035616
29334.35771817415
29332.397068504157
29330.435819402046
29328.473968928472
29326.51151514891
29324.548456133583
29322.584789957513
29320.620514700546
29318.655628447304
29316.690129287148
29314.724015314347
29312.75728462786
29310.789935331515
29308.821965533854
29306.853373348273
29304.884156892953
29302.91431429083
29300.943843669684
29298.972743162074
29297.00101090526
29295.028645041446
29293.055643717507
29291.08200508517
29289.10772730088
29287.132808525985
29285.157246926494
29283.18104067325
29281.204187941887
29279.226686912833
29277.248535771236
29275.269732707096
29273.290275915137
29271.310163594848
29269.329393950557
29267.347965191308
29265.365875530908
29263.383123187952
29261.399706385815
29259.41562335261
29257.43087232119
29255.44545152923
29253.459359219087
29251.472593637915
29249.485153037578
29247.497035674733
29245.508239810773
29243.518763711803
29241.52860564868
29239.537763896995
29237.546236737093
29235.554022454035
29233.56111933756
29231.567525682196
29229.573239787147
29227.578259956357
29225.582584498472
29223.586211726855
29221.58913995956
29219.59136751931
29217.592892733603
29215.59371393457
29213.59382945902
29211.593237648493
29209.591936849192
29207.589925411998
29205.58720169241
29203.583764050658
29201.579610851622
29199.574740464835
29197.569151264477
29195.56284162937
29193.555809943013
29191.54805459349
29189.539573973598
29187.53036648064
29185.520430516677
29183.509764488295
29181.498366806743
29179.48623588788
29177.473370152096
29175.45976802449
29173.445427934683
29171.43034831689
29169.414527609915
29167.397964257136
29165.380656706493
29163.362603410522
29161.34380282627
29159.32425341534
29157.30395364398
29155.282901982828
29153.261096907157
29151.23853689674
29149.21522043585
29147.19114601335
29145.16631212252
29143.140717261176
29141.11435993164
29139.087238640765
29137.059351899814
29135.030698224575
29133.001276135255
29130.9710841566
29128.940120817755
29126.908384652343
29124.875874198395
29122.842587998413
29120.808524599353
29118.773682552535
29116.738060413696
29114.70165674304
29112.664470105126
29110.626499068905
29108.587742207746
29106.548198099343
29104.50786532584
29102.466742473644
29100.424828133637
29098.38212090092
29096.338619375074
29094.2943221599
29092.24922786357
29090.203335098584
29088.15664248173
29086.10914863411
29084.0608521811
29082.011751752412
29079.961845982016
29077.911133508103
29075.85961297319
29073.807283024045
29071.754142311638
29069.700189491195
29067.645423222206
29065.589842168334
29063.533444997465
29061.476230381755
29059.418196997452
29057.35934352506
29055.299668649222
29053.239171058856
29051.17784944685
29049.11570251044
29047.052728950872
29044.988927473627
29042.92429678825
29040.85883560843
29038.792542651932
29036.72541664064
29034.657456300618
29032.588660361842
29030.51902755851
29028.448556628802
29026.377246315
29024.305095363434
29022.23210252441
29020.15826655233
29018.08358620561
29016.008060246644
29013.93168744185
29011.85446656164
29009.77639638037
29007.69747567646
29005.6177032322
29003.537077833862
29001.455598271685
28999.373263339858
28997.29007183644
28995.206022563452
28993.121114326827
28991.03534593635
28988.94871620575
28986.86122395261
28984.772867998363
28982.683647168327
28980.593560291683
28978.502606201433
28976.4107837344
28974.318091731267
28972.224529036474
28970.130094498298
28968.034786968812
28965.938605303843
28963.841548363063
28961.743615009796
28959.64480411118
28957.5451145381
28955.444545165195
28953.34309487076
28951.240762536836
28949.137547049202
28947.033447297315
28944.928462174248
28942.82259057682
28940.715831405516
28938.608183564425
28936.499645961303
28934.390217507542
28932.27989711819
28930.168683711847
28928.056576210733
28925.943573540673
28923.82967463111
28921.71487841498
28919.599183828825
28917.48258981278
28915.36509531041
28913.246699268966
28911.12740063905
28909.007198374893
28906.88609143422
28904.7640787782
28902.641159371477
28900.517332182248
28898.392596182093
28896.266950346035
28894.140393652604
28892.012925083705
28889.884543624692
28887.75524826428
28885.62503799464
28883.493911811307
28881.361868713182
28879.228907702567
28877.09502778509
28874.960227969746
28872.824507268844
28870.687864698044
28868.550299276314
28866.411810025915
28864.27239597242
28862.13205614467
28859.990789574826
28857.848595298234
28855.705472353577
28853.561419782734
28851.416436630814
28849.270521946204
28847.12367478043
28844.975894188265
28842.827179227672
28840.677528959797
28838.526942448927
28836.37541876255
28834.222956971294
28832.06955614892
28829.91521537232
28827.759933721536
28825.603710279654
28823.446544132927
28821.288434370672
28819.129380085258
28816.969380372186
28814.808434329992
28812.646541060236
28810.483699667497
28808.319909259462
28806.15516894677
28803.989477843075
28801.822835065093
28799.655239732438
28797.486690967744
28795.31718789664
28793.146729647633
28790.97531535229
28788.802944144994
28786.629615163158
28784.455327547046
28782.280080439865
28780.103872987682
28777.92670433949
28775.748573647135
28773.56948006536
28771.389422751734
28769.208400866646
28767.02641357338
28764.843460038057
28762.659539429525
28760.47465091953
28758.288793682586
28756.101966895967
28753.914169739768
28751.725401396834
28749.53566105275
28747.34494789584
28745.153261117244
28742.96059991072
28740.766963472837
28738.57235100282
28736.37676170262
28734.180194776858
28731.982649432844
28729.78412488054
28727.58462033261
28725.384135004333
28723.18266811366
28720.98021888111
28718.77678652992
28716.572370285838
28714.366969377304
28712.160583035286
28709.95321049336
28707.744850987692
28705.535503756975
28703.32516804251
28701.113843088093
28698.90152814009
28696.688222447356
28694.473925261336
28692.258635835922
28690.04235342753
28687.825077295016
28685.606806699845
28683.387540905755
28681.16727917916
28678.94602078877
28676.723765005856
28674.500511104012
28672.276258359336
28670.051006050307
28667.824753457848
28665.59749986525
28663.369244558216
28661.13998682479
28658.909725955455
28656.678461242966
28654.446191982555
28652.212917471687
28649.978637010223
28647.743349900364
28645.507055446542
28643.26975295562
28641.03144173669
28638.79212110117
28636.55179036273
28634.310448837343
28632.068095843242
28629.82473070093
28627.580352733126
28625.33496126487
28623.088555623344
28620.841135137995
28618.59269914051
28616.34324696476
28614.092777946797
28611.841291424924
28609.588786739583
28607.335263233406
28605.08072025118
28602.825157139858
28600.56857324858
28598.310967928595
28596.052340533286
28593.792690418162
28591.53201694087
28589.270319461157
28587.007597340853
28584.743849943974
28582.47907663649
28580.21327678658
28577.94644976439
28575.678594942194
28573.409711694323
28571.13979939712
28568.868857428995
28566.596885170406
28564.323882003835
28562.049847313716
28559.77478048661
28557.49868091098
28555.22154797734
28552.9433810782
28550.664179608033
28548.383942963286
28546.102670542376
28543.820361745667
28541.537015975515
28539.252632636202
28536.967211133928
28534.680750876865
28532.393251275076
28530.10471174059
28527.815131687268
28525.52451053095
28523.232847689334
28520.940142582032
28518.646394630505
28516.351603258154
28514.05576789017
28511.758887953674
28509.46096287761
28507.16199209278
28504.861975031836
28502.560911129254
28500.258799821368
28497.955640546264
28495.65143274398
28493.34617585623
28491.03986932661
28488.732512600483
28486.42410512503
28484.114646349175
28481.804135723683
28479.49257270106
28477.179956735537
28474.866287283196
28472.55156380183
28470.235785750934
28467.91895259186
28465.601063787584
28463.282118802883
28460.962117104224
28458.641058159843
28456.318941439644
28453.99576641524
28451.671532559965
28449.346239348866
28447.01988625864
28444.692472767707
28442.363998356166
28440.034462505748
28437.703864699924
28435.372204423817
28433.039481164094
28430.70569440925
28428.370843649293
28426.03492837597
28423.69794808261
28421.35990226418
28419.020790417304
28416.680612040192
28414.33936663268
28411.997053696272
28409.653672734014
28407.30922325054
28404.963704752172
28402.617116746744
28400.269458743696
28397.920730254118
28395.570930790556
28393.220059867228
28390.868116999925
28388.51510170593
28386.161013504126
28383.805851914978
28381.44961646047
28379.09230666413
28376.733922051062
28374.374462147887
28372.01392648276
28369.652314585357
28367.289625986916
28364.92586022014
28362.5610168193
28360.195095320163
28357.828095260018
28355.460016177603
28353.090857613253
28350.720619108677
28348.349300207236
28345.976900453632
28343.60341939415
28341.22885657651
28338.853211549897
28336.47648386501
28334.098673074033
28331.719778730578
28329.3398003897
28326.958737607973
28324.576589943434
28322.19335695548
28319.809038205025
28317.423633254468
28315.037141667566
28312.649563009592
28310.26089684719
28307.87114274851
28305.48030028303
28303.088369021767
28300.695348537087
28298.301238402815
28295.906038194164
28293.50974748779
28291.112365861758
28288.713892895492
28286.314328169923
28283.913671267295
28281.51192177127
28279.109079266957
28276.705143340805
28274.300113580684
28271.89398957583
28269.486770916916
28267.07845719594
28264.669048006308
28262.258542942836
28259.846941601663
28257.434243580334
28255.020448477746
28252.60555589421
28250.18956543137
28247.77247669224
28245.354289281226
28242.935002804013
28240.51461686774
28238.09313108089
28235.670545053224
28233.246858395945
28230.822070721562
28228.396181643973
28225.969190778334
28223.541097741254
28221.111902150635
28218.681603625708
28216.250201787065
28213.81769625664
28211.384086657697
28208.94937261483
28206.513553753957
28204.076629702384
28201.638600088674
28199.199464542744
28196.759222695873
28194.317874180637
28191.875418630923
28189.43185568195
28186.9871849703
28184.541406133794
28182.094518811657
28179.646522644405
28177.197417273852
28174.747202343133
28172.295877496697
28169.84344238032
28167.38989664111
28164.93523992742
28162.479471888986
28160.02259217681
28157.564600443246
28155.105496341905
28152.64527952771
28150.183949656956
28147.721506387174
28145.257949377195
28142.793278287234
28140.327492778742
28137.860592514462
28135.392577158524
28132.923446376266
28130.45319983438
28127.981837200834
28125.50935814493
28123.03576233724
28120.561049449643
28118.085219155342
28115.60827112877
28113.130205045745
28110.65102058337
28108.170717419962
28105.689295235246
28103.20675371018
28100.72309252703
28098.238311369383
28095.752409922126
28093.265387871368
28090.77724490463
28088.28798071065
28085.797594979507
28083.306087402572
28080.81345767244
28078.319705483143
28075.82483052991
28073.32883250931
28070.831711119183
28068.333466058688
28065.83409702829
28063.333603729727
28060.831985866076
28058.329243141685
28055.825375262208
28053.320381934627
28050.814262867185
28048.307017769435
28045.79864635229
28043.289148327916
28040.778523409776
28038.26677131265
28035.75389175267
28033.23988444717
28030.72474911491
28028.208485475905
28025.691093251422
28023.172572164167
28020.65292193804
28018.132142298313
28015.61023297153
28013.087193685606
28010.563024169744
28008.037724154416
28005.511293371506
28002.98373155409
28000.45503843671
27997.925213755076
27995.394257246342
27992.862168648928
27990.328947702583
27987.7945941484
27985.259107728714
27982.722488187315
27980.18473526924
27977.64584872085
27975.105828289918
27972.56467372542
27970.022384777807
27967.478961198707
27964.93440274125
27962.38870915979
27959.84188021007
27957.29391564913
27954.74481523541
27952.19457872862
27949.64320588992
27947.09069648173
27944.537050267805
27941.98226701333
27939.42634648479
27936.869288450056
27934.31109267829
27931.751758940078
27929.19128700732
27926.629676653327
27924.066927652704
27921.503039781484
27918.938012817005
27916.37184653805
27913.804540724672
27911.236095158387
27908.666509622046
27906.095783899877
27903.523917777446
27900.95091104177
27898.376763481196
27895.801474885495
27893.225045045765
27890.647473754565
27888.068760805785
27885.488905994684
27882.907909118003
27880.325769973824
27877.742488361626
27875.15806408231
27872.572496938148
27869.985786732825
27867.397933271455
27864.808936360536
27862.21879580798
27859.627511423154
27857.035083016777
27854.44151040102
27851.846793389457
27849.250931797123
27846.653925440427
27844.05577413726
27841.45647770688
27838.85603597002
27836.25444874887
27833.65171586697
27831.047837149385
27828.442812422607
27825.836641514536
27823.22932425453
27820.620860473475
27818.011250003517
27815.400492678484
27812.788588333537
27810.175536805305
27807.561337931904
27804.94599155287
27802.329497509294
27799.711855643644
27797.093065799938
27794.473127823603
27791.852041561593
27789.229806862313
27786.606423575657
27783.981891553038
27781.356210647315
27778.729380712877
27776.101401605563
27773.47227318276
27770.84199530328
27768.210567827573
27765.57799061743
27762.9442635363
27760.309386449015
27757.67335922203
27755.036181723248
27752.39785382213
27749.75837538962
27747.11774629825
27744.475966421993
27741.83303563646
27739.188953818724
27736.543720847396
27733.89733660265
27731.249800966245
27728.601113821394
27725.951275052917
27723.30028454722
27720.648142192167
27717.994847877242
27715.34040149352
27712.684802933596
27710.028052091617
27707.370148863363
27704.71109314614
27702.050884838824
27699.38952384194
27696.72701005753
27694.063343389174
27691.3985237422
27688.732551023368
27686.065425141165
27683.397146005536
27680.727713528177
27678.05712762226
27675.38538820267
27672.712495185802
27670.0384484898
27667.363248034253
27664.68689374052
27662.00938553149
27659.330723331757
27656.650907067477
27653.969936666468
27651.28781205818
27648.604533173708
27645.920099945797
27643.23451230879
27640.547770198784
27637.85987355341
27635.170822312033
27632.480616415618
27629.78925580687
27627.09674043009
27624.403070231267
27621.70824515809
27619.012265159883
27616.315130187675
27613.616840194158
27610.917395133718
27608.216794962464
27605.515039638096
27602.81212912014
27600.108063369727
27597.40284234973
27594.696466024674
27591.988934360867
27589.280247326307
27586.57040489066
27583.85940702535
27581.147253703497
27578.433944899993
27575.719480591422
27573.003860756042
27570.287085373966
27567.569154426976
27564.850067898595
27562.129825774067
27559.408428040424
27556.68587468647
27553.962165702676
27551.237301081354
27548.511280816518
27545.78410490399
27543.055773341326
27540.32628612785
27537.595643264707
27534.86384475478
27532.130890602693
27529.396780814925
27526.661515399705
27523.925094367056
27521.18751772882
27518.448785498575
27515.708897691708
27512.967854325503
27510.22565541893
27507.48230099281
27504.7377910698
27501.99212567434
27499.245304832726
27496.497328572998
27493.74819692514
27490.99790992087
27488.246467593744
27485.493869979196
27482.740117114445
27479.985209038616
27477.229145792633
27474.47192741927
27471.71355396315
27468.954025470743
27466.19334199044
27463.431503572385
27460.66851026866
27457.904362133202
27455.13905922181
27452.37260159214
27449.604989303734
27446.836222418024
27444.066300998336
27441.295225109803
27438.522994819577
27435.74961019656
27432.975071311666
27430.199378237587
27427.422531049076
27424.644529822624
27421.865374636738
27419.085065571788
27416.30360271005
27413.520986135736
27410.737215934994
27407.952292195856
27405.166215008292
27402.37898446419
27399.59060065741
27396.80106368369
27394.01037364074
27391.21853062821
27388.425534747676
27385.63138610265
27382.836084798622
27380.03963094302
27377.242024645202
27374.44326601655
27371.643355170334
27368.84229222183
27366.040077288242
27363.236710488807
27360.432191944645
27357.626521778926
27354.819700116757
27352.011727085268
27349.202602813508
27346.392327432553
27343.580901075475
27340.7683238773
27337.954595975087
27335.13971750789
27332.32368861673
27329.50650944462
27326.688180136673
27323.868700839867
27321.04807170335
27318.226292878142
27315.403364517344
27312.579286776087
27309.75405981151
27306.92768378273
27304.100158850983
27301.27148517945
27298.4416629334
27295.61069228011
27292.778573388878
27289.94530643108
27287.1108915801
27284.27532901142
27281.43861890248
27278.600761432863
27275.761756784115
27272.92160513993
27270.080306685988
27267.237861610076
27264.39427010201
27261.549532353638
27258.703648558996
27255.85661891405
27253.00844361694
27250.159122867804
27247.30865686894
27244.45704582463
27241.604289941293
27238.75038942745
27235.895344493645
27233.039155352566
27230.181822219
27227.32334530972
27224.463724843736
27221.60296104206
27218.74105412786
27215.878004326347
27213.013811864883
27210.148476972918
27207.281999882038
27204.414380825874
27201.54562004021
27198.675717762977
27195.80467423415
27192.932489695882
27190.059164392427
27187.184698570134
27184.30909247753
27181.432346365247
27178.554460485997
27175.675435094694
27172.79527044837
27169.913966806136
27167.03152442929
27164.147943581273
27161.26322452764
27158.377367536104
27155.490372876495
27152.602240820826
27149.712971643236
27146.822565620012
27143.931023029618
27141.038344152625
27138.144529271765
27135.249578672003
27132.353492640344
27129.456271466035
27126.557915440462
27123.658424857163
27120.75780001185
27117.856041202387
27114.95314872886
27112.049122893408
27109.143964000497
27106.23767235661
27103.33024827052
27100.4216920531
27097.512004017444
27094.601184478834
27091.689233754656
27088.77615216458
27085.86194003038
27082.946597676026
27080.030125427686
27077.112523613756
27074.19379256475
27071.273932613385
27068.35294409459
27065.430827345506
27062.507582705406
27059.583210515775
27056.657711120348
27053.73108486498
27050.803332097774
27047.87445316902
27044.944448431183
27042.013318238947
27039.081062949233
27036.14768292109
27033.213178515834
27030.277550096944
27027.340798030138
27024.40292268331
27021.463924426596
27018.523803632306
27015.582560674993
27012.640195931384
27009.696709780423
27006.752102603325
27003.806374783428
27000.85952670632
26997.91155875987
26994.96247133402
26992.012264821064
26989.060939615454
26986.10849611384
26983.154934715127
26980.200255820426
26977.244459833062
26974.28754715858
26971.32951820473
26968.370373381564
26965.41011310123
26962.448737778177
26959.486247829067
26956.52264367277
26953.557925730394
26950.592094425247
26947.625150182917
26944.657093431124
26941.68792459989
26938.71764412145
26935.74625243025
26932.773749962926
26929.800137158432