-21.14643414804725
-16.955176061219447
-8.487441806337815
3.4551477711098597
15.93097351557139
28.93533989321644
42.272769158449634
55.81026504693526
69.4770688384796
-19.472803903679317
-15.724661344318292
-8.672317000617342
2.6499207499407134
15.965370850141694
30.475866479433666
45.41043133691295
60.36551095448054
75.14367869184407
-16.674299672591896
-13.567402338446763
-8.26680727947051
0.740757134382856
12.734718021007946
26.86677496543838
41.57089621728854
56.38349690145103
71.0781592632183
-8.95499878767391
-7.32796602002775
-3.7904972793325555
0.7231634414250058
8.398444690532292
20.74045402012161
33.6569439349948
46.760776922036115
60.07491385355833
7.592197956225963
5.298711319856047
4.677021741632036
3.5539187231709395
4.679734058023993
11.897220676805027
20.425059931805517
29.542796258284213
39.44287279686486
27.54701258168286
19.64965548913502
12.650456566008259
7.2843372401965665
3.247588714375575
4.451366492045479
7.744112729605872
12.024088309217865
17.41711364202825
38.28006793009624
28.574672925121593
19.11099909119882
11.624654687487201
4.185252889644152
0.7673270561829955
-0.20734966692924103
-0.14070255985418764
0.9874061016926697
43.28584060038063
33.97485884338406
24.56955590231337
16.20088293061592
6.6752423600319375
-0.12945126810062554
-4.4504122759742915
-7.8690072617138105
-10.496667985557396
46.76392962548432
38.0387639794063
29.145630520916082
20.440362066115334
9.720045707169552
0.7460547749943144
-5.788727798032175
-11.591815760045879
-16.90692983335897
