31.192135057196946
26.029631412546976
19.8963272901983
12.79222269015091
4.717317612404811
-4.328387943040003
-14.344893976183528
-25.332200487025766
-37.29030747556671
31.87981154141763
26.79496543034667
20.347761564799036
12.538199944774728
3.366280570273748
-7.1679965587039085
-19.064631442158237
-32.323624080089246
-46.94497447249692
25.81994308693646
22.970770020010463
18.4248902437373
12.182303758116966
4.24301056314947
-5.392989341165187
-16.725695954827014
-29.75510927783601
-44.48122931019216
12.887506538954758
14.055745960740953
13.302924388524263
10.62904182230469
6.03409826208223
-0.48190629214311187
-8.918971840371345
-19.27709838260246
-31.55628591883646
-4.9739984428869235
1.1153019729021576
5.204602388691239
7.293902804480318
7.383203220269399
5.47250363605848
1.5618040518475595
-4.348895532363358
-12.259595116574278
-24.125052370754574
-13.35150797895395
-4.499024581156214
2.4323978226386362
7.442759232430603
10.532059648219683
11.70029907000588
10.947477497789185
8.273594931569612
-40.12842048487629
-26.010526458330638
-13.589339141132145
-2.8648585332808203
6.16291536522334
13.493982554380334
19.128343034190163
23.065996804652826
25.306943865768325
-48.987890253294935
-33.63737004721579
-19.64920759561332
-7.023402898487523
4.240044044161599
14.141133232334049
22.67986466602982
29.856238345248926
35.670254269991354
-48.43934340773987
-34.1858374984156
-20.903132066790057
-8.591227112863216
2.749877363364914
13.12018136189433
22.519684882725034
30.94838792585703
38.406290491290314
