-0.5190495859210777
-0.21279552666083212
0.12489215965091649
0.25436289678799806
0.30807880644226415
0.1118087008418307
-0.1809781114620037
-0.20069186085797952
-0.07830448285922387
0.6455524498933585
0.30047711434375657
-0.11770375635140962
-0.3380954449704885
-0.2775849823577108
-0.26270897480778643
-0.229860693304623
0.051433404869662525
-0.049910113750840424
-0.06853962504027677
0.12621594733714225
-0.16325195763914824
-0.13771239749276676
0.07262712965392026
0.10080087443810726
0.022511675926871533
0.002905901968354385
-0.647993056627854
-0.049375240011528376
-0.07969657400911334
0.005123480117845247
0.16537991848060685
0.2256822316004623
0.0585140819551917
-0.13969783466333396
-0.1257833275914848
-0.43396904724741603
-0.15455359091911536
-0.06066518498354334
0.348628183532222
0.14633098393932098
-0.08273054103917676
-0.34909073973516414
-0.5529893527320837
-0.38333944198341285
-0.21254182320977577
-0.15923856555065186
-0.32348240796434524
-0.26810244171453235
-0.5349247014405822
-0.3344647490039563
-0.1352113390791656
-0.14458769593893983
-0.10328388630811958
-0.21154321186529756
0.2501990137809358
0.214378084524391
-0.022581750495575648
-0.28667363107364885
-0.011207821141288044
0.2541676836304352
0.19826337507953487
-0.04176600586913448
-0.5745411332069692
-1.0335035480021233
-0.19854221936170546
0.05987250465226879
0.07216372270850258
0.2671586651546445
0.44992803471051
0.4334675315902379
0.2803269311028984
-0.06651160924911714
0.0966042102594713
0.2594361886482588
0.05474317230924086
-0.2363793765365898
-0.3314308049590986
-0.31391277256741423
-0.3059272231860257
-0.22188426620491875
-0.038325198663985205
