-8.669349059885644
-9.724759278481464
-7.108083635388412
-3.1574698796476777
-0.3270029925846618
2.26043131808267
7.030970465380541
13.447593685583001
17.40336328495445
3.7907994313496687
0.5359456237495834
-0.3611470674670647
-0.4588144830807228
-1.6010009321609289
-3.2023951064556435
-3.4077507971736267
-2.6019175137965718
-4.045286606199937
9.426790091911307
6.0690105868183295
3.8086305322446345
1.8944383006908971
-0.904005576141719
-4.3014533423103885
-7.009810461227012
-9.2566660223723
-13.47483546087728
8.11811533043685
6.378291266670193
4.580107293056824
2.8067203692795473
0.44578685736195034
-2.5244482912205832
-5.377837415607932
-8.178325236031526
-12.550793531733305
1.8439048162455514
2.5880525347410837
2.2548081206687467
1.779262802999134
1.1734626060781697
0.10697050872595426
-1.2497707128266313
-2.7897239092668578
-5.343616606624828
-5.676898378744809
-2.6670593976953665
-1.6085595882895092
-0.7207345760142134
0.640989514938437
1.846412965341175
2.5164832676701128
2.936739161632385
3.072678495935069
-9.885025473284898
-5.839837968572947
-4.4893634035861485
-3.253664282786069
-0.8478296360106627
1.8225200053887711
3.83319530033252
5.653884642668007
8.075598415112216
-6.64467049156633
-3.4545816983125235
-3.601235894890216
-3.803220915443058
-2.1349697468436775
0.26324762882158637
1.9221355447875084
3.494437143709474
6.661212292975941
6.422287566196857
6.752287459217612
3.172757240925538
-0.4823572499395343
-1.6661830512859508
-1.7018970231007267
-2.6109391764997048
-3.5742758991821173
-1.922264448270548
