7.89292359242787
10.982224008216951
14.071524424006032
17.16082483979511
20.250125255584194
23.339425671373274
26.428726087162353
29.518026502951436
32.60732691874052
6.676193083599172
9.765493499388253
12.854793915177332
15.944094330966413
19.033394746755494
22.122695162544574
25.211995578333656
28.301295994122736
31.390596409911815
5.459462574770472
8.548762990559554
11.638063406348635
14.727363822137715
17.816664237926794
20.905964653715877
23.995265069504956
27.084565485294032
30.17386590108312
4.242732065941775
7.332032481730855
10.421332897519935
13.510633313309016
16.599933729098098
19.68923414488718
22.77853456067626
25.86783497646534
28.957135392254422
3.0260015571130765
6.115301972902158
9.204602388691239
12.293902804480318
15.3832032202694
18.47250363605848
21.56180405184756
24.651104467636642
27.74040488342572
1.8092710482843781
4.898571464073459
7.987871879862539
11.07717229565162
14.1664727114407
17.25577312722978
20.345073543018863
23.43437395880794
26.52367437459702
0.5925405394556797
3.681840955244761
6.77114137103384
9.860441786822921
12.949742202612002
16.039042618401083
19.128343034190163
22.217643449979242
25.306943865768325
-0.6241899693730186
2.4651104464160625
5.554410862205144
8.643711277994223
11.733011693783304
14.822312109572385
17.911612525361466
21.000912941150546
24.09021335693963
-1.8409204782017188
1.248379937587364
4.337680353376443
7.4269807691655245
10.516281184954606
13.605581600743687
16.694882016532766
19.78418243232185
22.87348284811093
