2.152777316721828
-1.90776865688942
-2.6626389401455457
-0.9134543785343423
0.3981658723920063
1.2675262788031638
1.4991490951037534
0.9600380569580551
-0.4205655558276362
5.730814554139144
1.3048105866401265
-1.1793493509956372
-0.7559736362509706
0.2982566736599477
1.185174758185184
1.133804316421056
-0.259409119731437
-3.1918921905646584
3.6861808395740887
0.8546046910041429
-1.4799804420818488
-1.8043029296378923
-0.8389356537693775
0.5678209705573174
0.8499351929565719
-0.4561778616790093
-3.5769359480569847
-0.3102243146609265
-0.6042525410176527
-0.9089057883282279
-2.1584280495793218
-2.1673907764835754
0.5693135830913185
1.9594375339471952
1.6158435629683154
-0.4385074575325518
-0.40780204377403706
0.2987113198560474
0.6770217416320357
-1.4460812768290605
-3.3202659419760074
-1.102779323194973
0.42505993180551727
0.5427962582842127
-0.5571272031351384
1.6126891626439104
1.3995760461076117
0.16356010498950546
-1.360437232816417
-3.4761247646345224
-2.2723469869646182
-0.9006617434071114
-0.4628081518008891
-0.8329658009991583
-2.440893094235733
-1.1176944884538038
-1.2494814209671645
-1.1006456326165406
-2.6015739477445097
-1.7777330078377527
-0.20734966692924103
0.7076507948193951
0.9874061016926697
-5.077859683541284
-2.1276216502477894
-0.6340625555050927
0.5337687541341722
-0.8177252895897675
-0.8106301453389624
0.3178398646940659
0.9863181423845679
1.0833729274943291
0.16550669594617062
2.6045465434033304
3.9048181007495835
4.422154184086594
1.9536418855798603
0.26065453614495865
0.03607506816009387
-0.42761026651069756
-1.3741221901795857
