-23.818261050690154
-15.26020293099086
-5.699910706541353
4.6229650464322
15.840886449621648
27.779622315255107
40.59264195188388
54.64953512911922
69.81932991144801
-24.558066007925103
-16.728994816614662
-7.610671405973115
3.0677989412211955
15.389529194124036
29.027982746440696
44.04676632718727
60.67635347908164
78.28566076865789
-20.429020137206262
-14.295791082113764
-6.95007879502781
2.4073476665279814
13.646280804431244
26.39975486931917
40.74347270025884
56.842580665098396
74.00710215464743
-8.694149713024512
-6.803410053019211
-2.8764680108864824
3.0469714094849345
10.79151769861633
20.229654518985484
31.55780856638427
45.019150031476315
60.079452263843464
7.845446409080885
4.939334815016457
4.348628183532222
5.146330983939321
7.917269458960823
12.650909260264836
19.447010647267916
28.616660558016587
39.787458176790224
25.7750848534883
17.926597035063065
12.218794019304221
8.109849771572401
6.389248730006141
6.588502139930932
8.500186777074044
12.383612574710634
18.038536231162112
40.971160038112906
29.906745498099788
20.33789876167041
12.438626689030093
6.775619016247374
2.7992277476511833
0.19826337507953487
-0.8901193605427172
-0.5745411332069692
47.33019673591979
35.903938274270146
25.26349096247073
15.739277899190249
7.7601263147763495
1.1311069119488468
-4.3347846090781195
-8.57499847299548
-11.646552522300842
46.695027139797624
35.693653624651226
25.29555559247574
15.78182850549215
7.434973016630593
0.1714874662819415
-6.130730089378295
-11.3860897597401
-15.571132841843369
