-31.96856052465472
-24.77216668281149
-12.93288650158068
1.2111322699965243
15.205804650594722
29.928244932495947
47.80459052872642
68.2978206755602
87.30099767926168
-21.412819026468792
-16.493526307208835
-7.85411471708877
2.947079903110961
14.066113244320817
26.08829661479284
40.86887622331827
58.02300256041541
74.2902842762088
-10.933690420254678
-8.352996442632577
-2.9781963051440274
4.439498364711645
12.669648098635605
21.997500652570675
33.71115056310496
47.58300874075774
61.180259750398
-0.5266591425761326
-0.3454222123399037
1.6985158020524964
5.688311860283875
11.011622324377818
17.64669214580971
26.319668985439673
36.96660812303627
47.962627779357575
9.843904816245551
7.588052534741084
6.254808120668747
6.779262802999134
9.17346260607817
13.106970508725954
18.75022928717337
26.210276090733142
34.65638339337517
20.25742504029414
15.583020045332043
10.878336872729244
7.92403989699877
7.3647029939485344
8.570126444351272
11.161257740683096
15.423635622651139
21.32275793896248
30.835935551047072
23.85252944500245
15.871117108579837
9.471636037317673
5.938997201377999
4.367580069409519
3.83319530033252
4.805531287994425
8.075598415112216
41.719029792355585
32.64789879531933
21.602382562928245
11.863893261038688
5.357997902778028
0.9444265060599232
-2.846116595880849
-5.360888260388904
-4.918828620075784
53.02071049573501
42.18650489522058
28.413569661092037
15.535850632089206
6.100220770303741
-1.216496784251371
-8.435742042691974
-14.738481392717299
-17.45507209144993
