-21.25645342593391
-17.01980323036413
-9.19638599147035
1.4592537021113945
14.223756804882015
28.53458929418286
44.14054434293343
61.41944021774791
82.14533426831349
-19.986255765159953
-16.21345458458207
-8.875834772117589
1.2878284543005605
13.562689816992995
27.388578573847383
42.51108205490625
59.29793078483172
79.50389900877393
-16.364100017704253
-13.607730064908454
-7.3811176573934985
1.6199739094355496
12.708227257281612
25.33742144681357
39.25565492849594
54.82165474926479
73.77088595769617
-7.743413213426306
-7.092229381027885
-3.259156302641944
3.1642210550480563
11.565332455835199
21.443325283248527
32.56441267969025
45.27551894699535
61.267479291358654
7.55688133036235
4.892379366721881
4.738558436700328
6.6930054558955625
10.299085316506469
15.164100205101814
21.10379876022393
28.4287783436791
38.650511979646744
25.044754130297548
19.08907914804817
14.662917117100418
11.567337619367674
9.545666951737521
8.362664425954362
7.90833482710723
8.403985768733216
10.921939006941123
37.65499886863627
29.6786582829533
22.4198590082605
15.80132119144767
9.71086116514484
4.040158857919643
-1.261341264161992
-6.078181985094053
-9.850056191105235
44.397280270205904
35.52298888886451
26.934984177667065
18.60581131597552
10.492540524875585
2.552417774395842
-5.2346981799407
-12.820939781907063
-19.972119625847732
47.776261616376054
38.559656543476095
29.449193687335892
20.4352797364165
11.50232037690253
2.6345232441685873
-6.175686080381516
-14.910602835187962
-23.482562987646464
