-24.330670033781825
-15.891455007945796
-5.909556342915129
5.180400374183009
16.03739425665279
27.54488689879648
40.22558608617541
54.384092153478676
70.10480041988446
-24.010829322174885
-16.758603001924126
-8.315760709344291
2.8629805273063713
15.629844846608863
29.60462695505866
44.77328069338423
61.013457407595986
78.07288436185635
-20.320563292950638
-13.71736948085071
-6.982533659685658
2.0096613805662558
13.276175628682926
26.316431833745664
40.965060562159856
56.936600861900224
73.80771659940763
-8.985146586733341
-5.709199878579215
-2.597813201898366
2.8811506059333443
10.333869724975036
20.000476666870618
31.78775911844999
45.49969926752954
60.73023161788956
7.373253855086711
4.71644040843895
4.197143767494529
5.391603184353373
7.70037912087083
12.427369426521928
19.425359585855656
28.67298061495806
40.00876669178654
25.886045801825496
18.387095498724655
12.937683950952712
8.863158178554224
6.451792547403072
6.250722029174565
7.983169690868586
11.769865136462265
17.72684673042195
41.40497677345123
30.329297104067567
19.82464655273408
11.78969562287657
6.414780617615758
2.825989207296521
0.696931650287574
0.20218322184139198
1.591482236799007
45.87760794402475
34.613186316211014
23.32589455506894
14.076341909080272
7.034631406134609
1.2931546010929584
-3.4140446356209826
-6.907157516177728
-8.897099080890504
47.44693946814449
36.656427858746355
25.70205370322708
16.097023105307834
8.037221757592327
0.8462033358760004
-5.682738337425843
-11.390476212778822
-15.994280353917217
