2.042758038835167
-1.9723958260341021
-3.3715831252780815
-2.9093484475328077
-1.3090508382973685
0.8667756797695851
3.3669242795875505
6.56921322777071
12.247699874006258
5.217362692658508
0.8160173463763485
-1.3828671224958837
-2.1180659318911235
-2.1044243594887515
-1.9021131474010993
-1.7655449655856472
-1.3269892893802577
1.1683281263651963
3.9963804944617323
0.8142769645424526
-0.5942908200048365
-0.9250861545851985
-0.865426417495712
-0.9615325480674954
-1.4653060958360271
-2.0180200138652538
-0.8842092535791153
0.9013612595866771
-0.36851590201778794
-0.37756481163761624
0.28262956404372863
0.999496988819331
1.2721848462182344
0.8669062786426451
0.13058558792754837
0.754057980267774
-0.44311866963765034
-0.10762063327811866
0.7385584367003277
1.6930054558955625
2.299085316506469
2.164100205101814
1.1037987602239312
-0.5712216563209012
-1.349488020353256
-0.8895692887414022
0.8389997050207612
2.176020656081665
2.9225631463546904
2.821953472727424
1.6389509469442647
-0.7364396459057536
-4.082910692285537
-7.3281404360862865
-3.0659621556957006
-0.013709130622096666
2.0593784960945136
3.0760208713439283
2.9240343277561776
1.4950987938988947
-1.261341264161992
-5.229828630420471
-9.850056191105235
-3.966420013716011
-0.5794916047673411
1.731365719848604
2.9386971394937724
2.9995728752538797
1.8712388971575051
-0.46644603927234307
-3.9656143778086843
-8.392078712796007
1.1778386868379016
3.1254391074731274
4.208381267169393
4.4170718543877605
3.735916555312838
2.1491230053192316
-0.3508832141892473
-3.7463973416527807
-7.94975534446708
