-1.0314585690127487
-0.8440476036157687
-0.08475347672286038
0.8117982245388067
0.5045866134734052
-0.12292671561679569
-0.5480339771704692
-0.46613483649852583
0.20716602557722297
1.1927891356435758
0.27086892903429316
-0.8227930597225859
-0.5429138588853126
-0.037269329872883006
0.3139352338101773
0.49665367289233586
0.38853733338400787
-0.2626865205523785
0.03991721921534719
0.7046375486001963
-0.1957068222969962
-0.5353986834544924
-0.29747804609439754
0.017477838864600415
0.24409953782788563
0.09692609877018299
-0.8473786118676543
-0.3403721137203579
1.0145136004308828
0.2837782891059617
-0.0004408850709833878
-0.2319657420408312
-0.17066377015967404
0.09025271740238594
0.3547659084617436
0.21681030679867774
-0.6267461449132892
-0.28355959156105026
0.1971437674945289
0.3916031843533734
-0.29962087912917035
-0.5726305734780723
-0.5746404141443442
-0.3270193850419396
0.008766691786540548
-0.04827761721345425
0.13701605569724506
0.45078748993395834
0.21838370554124076
-0.271920931607025
-0.47299144983553276
-0.6616047821443978
-0.7170313245564888
-0.5232327126054592
0.6840157491192613
0.6369296904921704
-0.5358339594319048
-0.9356046972271717
-0.372046219772904
0.280929143275773
0.696931650287574
1.0505365765149748
1.591482236799007
-2.486092339897162
-1.4892941774208381
-1.8777239027495227
-1.5907722674014746
-0.45833624348709634
0.6119757238546216
1.3542075050473747
1.9481678879206505
2.6829418321612213
0.84851653860634
1.2222104227433874
0.46124128306058054
0.07881522327909352
0.2708179360026355
0.36080309702664465
0.14206452876642572
-0.22627071924364017
-0.4614727107378336
