30.15810115234153
25.363548825357444
19.59819602067465
12.862042738293143
5.1550889782129214
-3.5226652595660077
-13.171219975043645
-23.790575168220006
-35.38073083909507
30.755963531466975
26.039068738061896
19.959816190180145
12.518205887821718
3.714237830986619
-6.452087980325153
-17.9807715461136
-30.871812866378725
-45.12521194112051
24.606280971890556
22.12505922263044
17.94713076402316
12.072495596068713
4.501153718767101
-4.766894867881675
-15.731650163877617
-28.39311216922073
-42.751280883911
11.584030318813616
13.120221058265692
12.735350803714887
10.429419555161195
6.202427312604618
0.05437407604515343
-8.014740154517192
-18.004915379082426
-29.916151597650543
-6.367288768123309
0.08996296533165449
4.547214698786618
7.00446643224158
7.461718165696544
5.918969899151506
2.3762216326064696
-3.166526633938563
-10.709274900483603
-25.608156801086203
-14.466661091619697
-5.246226376156077
2.053147345304657
7.431460072762505
10.888711806217469
12.424902545669546
12.04003229111874
9.73410104256504
-41.70133902030316
-27.215493676091626
-14.426355041227248
-3.333923115710043
6.0618021004600005
13.760820607282877
19.76313240475859
24.068737492887138
26.677635871668514
-50.650622893817044
-34.93215137007202
-20.576037600803666
-7.582281586011987
4.049116674303018
14.318157180141347
23.224839931503006
30.769164928387994
36.9511321707963
-50.19189015335722
-35.570432926367076
-21.919776177075647
-9.239919905482925
2.469135888411089
13.207391204606388
22.974846043102975
31.771500403900852
39.597354287000016
