6.8588896875724545
10.316141421027417
13.773393154482381
17.230644887937345
20.687896621392305
24.14514835484727
27.602400088302236
31.059651821757196
34.51690355521216
5.552345073648512
9.009596807103478
12.46684854055844
15.924100274013403
19.381352007468365
22.83860374092333
26.295855474378293
29.753107207833253
33.21035894128822
4.245800459724572
7.703052193179536
11.160303926634498
14.617555660089462
18.074807393544425
21.53205912699939
24.989310860454353
28.446562593909313
31.90381432736428
2.9392558458006324
6.396507579255595
9.85375931271056
13.311011046165522
16.768262779620486
20.225514513075446
23.682766246530413
27.140017979985373
30.597269713440337
1.6327112318766908
5.0899629653316545
8.547214698786618
12.00446643224158
15.461718165696544
18.918969899151506
22.37622163260647
25.833473366061437
29.290725099516397
0.32616661795274915
3.783418351407713
7.240670084862677
10.69792181831764
14.155173551772602
17.612425285227566
21.06967701868253
24.526928752137493
27.98418048559245
-0.9803779959711908
2.476873737483773
5.934125470938737
9.391377204393699
12.848628937848662
16.305880671303626
19.76313240475859
23.220384138213554
26.677635871668514
-2.2869226098951305
1.1703291235598332
4.627580857014795
8.084832590469759
11.542084323924723
14.999336057379683
18.456587790834647
21.913839524289614
25.371091257744574
-3.59346722381907
-0.1362154903641084
3.3210362430908535
6.778287976545816
10.235539710000781
13.692791443455745
17.150043176910707
20.60729491036567
24.064546643820634
